1 1 168 0 175 168 0 175 0 0 0 0 0 3 0 0 6 6 0 0 6 3 0 0 6 3 0 0 3 15211 0 14021 0 14021 0 29213 15211 0 29213 0 0 0 0 0 0 0 0 0 0 0 0 0 11 0 0 0 11 0 0 0 14 0 0 0 14 0 0 0 7 0 0 0 7 0 0 0 10 0 0 0 10 0 0 0 0 0 0 0 0 0 0 0 0 0 0 0 0 0 0 0 0 0 0 0 0 0 0 0 0 0 0 0 0 0 0 0 0 0 0 0 0 0 0 0 0 0 0 0 0 
169 176 3 29556 6 3 14189 6 15386 11 14 7 10 0 522 996 0 0 1037 1037 0 0 522 996 0 0 502 502 0 0 890773 0 789078 0 2465722 1 0 2567396 1 2 0 8 2 2 0 4 2 4 0 0 1 1831 0 1 2 1899 0 0 0 2333 0 1 1 2418 0 0 1 1163 1 1 2 1208 1 0 0 1665 0 1 1 1727 0 3 0 0 3 1 0 1 1 0 2 3 0 2 0 0 0 1 0 0 2 1 0 0 2 5 0 0 3 5 0 0 5 0 3 0 3 0 0 0 0 0 0 0 0 0 0 0 0 
1 1 168 0 175 168 0 175 0 0 0 0 0 3 0 0 6 6 0 0 6 3 0 0 6 3 0 0 3 15211 0 14021 0 14021 0 29213 15211 0 29213 0 0 0 0 0 0 0 0 0 0 0 0 0 11 0 0 0 11 0 0 0 14 0 0 0 14 0 0 0 7 0 0 0 7 0 0 0 10 0 0 0 10 0 0 0 0 0 0 0 0 0 0 0 0 0 0 0 0 0 0 0 0 0 0 0 0 0 0 0 0 0 0 0 0 0 0 0 0 0 0 0 0 0 0 0 0 0 0 0 0 
1 1 168 0 175 168 0 175 0 0 0 0 0 3 0 0 6 6 0 0 6 3 0 0 6 3 0 0 3 15211 0 14021 0 14021 0 29213 15211 0 29213 0 0 0 0 0 0 0 0 0 0 0 0 0 11 0 0 0 11 0 0 0 14 0 0 0 14 0 0 0 7 0 0 0 7 0 0 0 10 0 0 0 10 0 0 0 0 0 0 0 0 0 0 0 0 0 0 0 0 0 0 0 0 0 0 0 0 0 0 0 0 0 0 0 0 0 0 0 0 0 0 0 0 0 0 0 0 0 0 0 0 
1 1 168 0 175 168 0 175 0 0 0 0 0 3 0 0 6 6 0 0 6 3 0 0 6 3 0 0 3 15211 0 14021 0 14021 0 29213 15211 0 29213 0 0 0 0 0 0 0 0 0 0 0 0 0 11 0 0 0 11 0 0 0 14 0 0 0 14 0 0 0 7 0 0 0 7 0 0 0 10 0 0 0 10 0 0 0 0 0 0 0 0 0 0 0 0 0 0 0 0 0 0 0 0 0 0 0 0 0 0 0 0 0 0 0 0 0 0 0 0 0 0 0 0 0 0 0 0 0 0 0 0 
1 1 168 0 175 168 0 175 0 0 0 0 0 3 0 0 6 6 0 0 6 3 0 0 6 3 0 0 3 15211 0 14021 0 14021 0 29213 15211 0 29213 0 0 0 0 0 0 0 0 0 0 0 0 0 11 0 0 0 11 0 0 0 14 0 0 0 14 0 0 0 7 0 0 0 7 0 0 0 10 0 0 0 10 0 0 0 0 0 0 0 0 0 0 0 0 0 0 0 0 0 0 0 0 0 0 0 0 0 0 0 0 0 0 0 0 0 0 0 0 0 0 0 0 0 0 0 0 0 0 0 0 
1 1 168 0 175 168 0 175 0 0 0 0 0 3 0 0 6 6 0 0 6 3 0 0 6 3 0 0 3 15211 0 14021 0 14021 0 29213 15211 0 29213 0 0 0 0 0 0 0 0 0 0 0 0 0 11 0 0 0 11 0 0 0 14 0 0 0 14 0 0 0 7 0 0 0 7 0 0 0 10 0 0 0 10 0 0 0 0 0 0 0 0 0 0 0 0 0 0 0 0 0 0 0 0 0 0 0 0 0 0 0 0 0 0 0 0 0 0 0 0 0 0 0 0 0 0 0 0 0 0 0 0 
1 1 168 0 175 168 0 175 0 0 0 0 0 3 0 0 6 6 0 0 6 3 0 0 6 3 0 0 3 15211 0 14021 0 14021 0 29213 15211 0 29213 0 0 0 0 0 0 0 0 0 0 0 0 0 11 0 0 0 11 0 0 0 14 0 0 0 14 0 0 0 7 0 0 0 7 0 0 0 10 0 0 0 10 0 0 0 0 0 0 0 0 0 0 0 0 0 0 0 0 0 0 0 0 0 0 0 0 0 0 0 0 0 0 0 0 0 0 0 0 0 0 0 0 0 0 0 0 0 0 0 0 
1 1 168 0 175 168 0 175 0 0 0 0 0 3 0 0 6 6 0 0 6 3 0 0 6 3 0 0 3 15211 0 14021 0 14021 0 29213 15211 0 29213 0 0 0 0 0 0 0 0 0 0 0 0 0 11 0 0 0 11 0 0 0 14 0 0 0 14 0 0 0 7 0 0 0 7 0 0 0 10 0 0 0 10 0 0 0 0 0 0 0 0 0 0 0 0 0 0 0 0 0 0 0 0 0 0 0 0 0 0 0 0 0 0 0 0 0 0 0 0 0 0 0 0 0 0 0 0 0 0 0 0 
1 2 168 0 174 168 0 174 0 0 1 0 1 3 0 0 6 6 0 0 6 3 0 0 6 3 0 0 3 15038 0 14021 0 14021 0 29046 15038 0 29046 0 0 0 0 0 0 0 0 0 0 0 0 0 11 0 0 0 11 0 168 0 13 0 174 0 13 0 0 0 7 0 0 0 7 0 168 0 9 0 174 0 9 0 0 0 0 0 0 0 0 0 0 0 0 0 0 0 0 0 0 0 0 0 0 0 0 0 0 0 0 0 0 0 0 0 0 0 0 0 0 0 0 0 0 0 0 0 0 0 0 
3 3 166 4 171 166 1 172 1 3 3 3 3 3 0 0 5 5 2 0 6 4 0 1 5 3 0 0 3 14525 0 13690 0 13690 2 28207 14525 2 28207 0 0 0 0 0 0 0 0 0 0 332 166 0 8 342 172 0 8 332 332 0 10 343 343 0 10 166 166 0 5 171 171 0 5 166 332 0 7 172 342 0 7 2 0 0 2 0 0 1 0 0 1 1 0 1 0 0 0 1 0 0 1 1 0 0 1 1 0 0 4 1 0 0 4 0 2 0 2 0 0 0 0 0 0 0 0 0 0 0 0 
1 1 168 0 2 1 0 174 0 1 0 0 1 3 0 0 0 6 0 0 6 3 0 0 1 0 0 0 0 15041 0 0 0 14023 0 2 1 0 29051 0 0 0 0 0 0 0 0 0 0 0 166 0 0 0 171 0 8 0 166 0 0 0 171 0 10 0 0 0 0 0 0 0 5 0 0 0 0 0 0 0 7 0 1 1 0 0 1 0 0 1 0 0 0 0 0 0 0 0 1 0 0 0 1 0 0 0 2 0 0 0 2 0 0 0 0 0 0 0 0 0 0 0 0 0 0 0 0 0 0 
1 3 167 1 177 169 0 174 2 1 2 0 1 2 165 0 5 4 172 175 4 2 167 0 4 3 0 0 2 15041 0 13856 0 13856 0 28881 15042 0 28878 1 1 1 0 2 1 0 1 1 0 0 166 0 8 0 171 1 8 0 166 0 10 0 171 2 10 0 166 0 5 0 171 0 5 0 166 0 7 0 171 1 7 0 1 1 0 0 1 0 0 1 0 0 0 0 0 0 0 0 0 2 0 0 0 2 0 0 2 0 0 0 2 0 0 0 0 4 0 0 0 0 0 0 0 0 0 0 0 0 0 
2 2 167 2 174 169 0 174 1 1 0 2 1 3 165 0 3 3 172 172 3 3 165 0 3 3 2 0 5 15038 0 13856 0 13855 0 28874 15038 0 28874 0 2 0 0 2 2 0 2 0 0 167 0 0 10 174 0 1 10 167 0 0 13 174 0 0 13 167 0 0 6 174 0 2 6 167 0 0 9 174 0 1 9 0 0 0 0 0 0 0 0 0 0 0 0 0 0 0 0 0 0 0 0 0 0 0 0 0 0 0 0 0 0 0 0 0 0 0 0 0 0 0 0 0 0 0 0 0 0 0 0 
1 2 167 0 175 167 0 174 0 1 2 0 1 3 0 0 5 5 0 0 5 3 0 0 5 5 0 0 3 15038 0 13855 0 13855 0 28874 15038 0 28874 0 0 0 0 0 0 0 0 0 0 0 167 0 10 1 174 0 10 0 167 0 13 0 174 0 13 0 167 0 6 1 175 0 6 0 167 0 9 0 175 0 9 0 0 0 0 0 0 0 0 0 0 0 0 0 0 0 0 0 0 0 0 0 0 0 0 0 0 0 0 0 0 0 0 0 0 0 0 0 0 0 0 0 0 0 0 0 0 0 0 
3 1 168 2 175 168 2 175 0 0 0 1 0 1 0 350 6 6 0 0 6 1 0 350 6 1 336 336 1 15211 0 14021 0 14021 0 29213 15211 0 29213 0 0 0 0 0 0 0 0 0 0 0 0 0 11 0 0 0 11 0 0 0 14 0 0 0 14 0 0 1 7 0 0 1 7 0 0 0 10 0 0 0 10 0 0 0 0 0 0 0 0 0 0 0 0 0 0 0 0 0 0 0 0 0 0 0 0 0 0 0 0 0 0 0 0 0 0 0 0 0 0 0 0 0 0 0 0 0 0 0 0 
0 2 0 0 1 1 0 0 0 0 1 0 0 0 0 0 175 0 0 0 0 0 0 0 175 168 0 0 168 0 0 0 0 0 0 0 0 0 0 0 0 0 0 0 0 0 0 0 0 0 0 0 0 0 0 0 0 0 0 0 0 0 0 0 0 0 1 0 0 0 1 0 0 0 0 0 0 0 0 0 0 0 0 0 0 0 0 0 0 0 0 0 0 0 0 0 0 0 0 0 0 0 0 0 0 0 0 0 0 0 0 0 0 0 0 0 0 0 0 0 0 0 0 0 0 0 0 0 0 
1 1 0 0 1 1 0 0 0 0 0 0 1 0 0 0 175 0 0 0 0 0 0 0 175 168 0 0 168 0 0 0 0 0 0 0 0 0 0 0 0 0 0 0 0 0 0 0 0 0 0 0 0 0 0 0 0 0 0 0 0 0 0 0 0 1 0 0 0 1 0 0 0 0 0 0 0 0 0 0 0 0 0 0 0 0 0 0 0 0 0 0 0 0 0 0 0 0 0 0 0 0 0 0 0 0 0 0 0 0 0 0 0 0 0 0 0 0 0 0 0 0 0 0 0 0 0 0 0 
1 1 168 0 175 168 0 175 0 0 0 0 0 3 0 0 6 6 0 0 6 3 0 0 6 3 0 0 3 15211 0 14021 0 14021 0 29213 15211 0 29213 0 0 0 0 0 0 0 0 0 0 0 0 0 11 0 0 0 11 0 0 0 14 0 0 0 14 0 0 0 7 0 0 0 7 0 0 0 10 0 0 0 10 0 0 0 0 0 0 0 0 0 0 0 0 0 0 0 0 0 0 0 0 0 0 0 0 0 0 0 0 0 0 0 0 0 0 0 0 0 0 0 0 0 0 0 0 0 0 0 0 
1 1 168 0 175 168 0 175 0 0 0 0 0 3 0 0 6 6 0 0 6 3 0 0 6 3 0 0 3 15211 0 14021 0 14021 0 29213 15211 0 29213 0 0 0 0 0 0 0 0 0 0 0 0 0 11 0 0 0 11 0 0 0 14 0 0 0 14 0 0 0 7 0 0 0 7 0 0 0 10 0 0 0 10 0 0 0 0 0 0 0 0 0 0 0 0 0 0 0 0 0 0 0 0 0 0 0 0 0 0 0 0 0 0 0 0 0 0 0 0 0 0 0 0 0 0 0 0 0 0 0 0 
1 1 168 0 175 168 0 175 0 0 0 0 0 3 0 0 6 6 0 0 6 3 0 0 6 3 0 0 3 15211 0 14021 0 14021 0 29213 15211 0 29213 0 0 0 0 0 0 0 0 0 0 0 0 0 11 0 0 0 11 0 0 0 14 0 0 0 14 0 0 0 7 0 0 0 7 0 0 0 10 0 0 0 10 0 0 0 0 0 0 0 0 0 0 0 0 0 0 0 0 0 0 0 0 0 0 0 0 0 0 0 0 0 0 0 0 0 0 0 0 0 0 0 0 0 0 0 0 0 0 0 0 
2 1 169 0 174 167 0 175 0 1 0 2 1 3 0 0 6 7 0 0 6 3 0 0 6 3 0 0 3 15041 0 13856 0 13857 0 28878 15041 0 28880 0 0 0 0 0 0 0 0 0 0 166 0 0 8 171 0 0 8 166 0 0 10 171 0 0 10 166 0 0 5 171 0 0 5 166 0 0 7 171 0 0 7 0 2 2 0 0 0 0 0 0 0 0 2 0 0 0 0 0 1 0 0 0 1 0 0 0 1 2 0 0 1 2 0 2 0 0 0 0 0 0 0 0 0 0 0 0 0 0 0 
1 1 168 0 175 168 0 175 0 0 0 0 0 3 0 0 6 6 0 0 6 3 0 0 6 3 0 0 3 15211 0 14021 0 14021 0 29213 15211 0 29213 0 0 0 0 0 0 0 0 0 0 0 0 0 11 0 0 0 11 0 0 0 14 0 0 0 14 0 0 0 7 0 0 0 7 0 0 0 10 0 0 0 10 0 0 0 0 0 0 0 0 0 0 0 0 0 0 0 0 0 0 0 0 0 0 0 0 0 0 0 0 0 0 0 0 0 0 0 0 0 0 0 0 0 0 0 0 0 0 0 0 
2 1 2 2 2 2 1 3 0 0 0 0 0 331 0 2 172 345 1 0 347 332 0 1 172 168 2 0 166 0 0 0 0 0 1 2 1 0 0 2 2 2 2 0 0 1 2 0 1 0 0 0 1 0 0 0 1 0 0 0 0 0 0 0 2 0 0 0 1 0 0 0 0 0 0 0 0 0 0 0 1 0 0 0 0 0 0 0 0 0 0 0 0 0 0 0 0 0 0 0 0 0 0 0 0 0 0 0 0 0 0 0 0 0 0 0 0 0 0 0 0 0 0 0 0 0 0 0 0 
1 2 168 1 176 169 0 175 1 0 0 0 0 2 166 0 5 4 173 173 4 2 166 0 5 3 0 0 2 15211 0 14021 0 14021 0 29214 15211 0 29213 1 1 1 0 2 1 0 1 1 0 0 0 0 11 0 0 0 11 0 0 0 14 0 0 0 14 0 0 0 7 0 0 0 7 0 0 0 10 0 0 0 10 0 0 0 0 0 0 0 0 0 0 0 0 0 0 0 0 0 0 0 0 0 0 0 0 0 0 0 0 0 0 0 0 0 0 0 0 0 0 0 0 0 0 0 0 0 0 0 0 
2 0 168 0 0 0 0 174 0 0 0 2 0 3 0 0 0 6 0 0 6 3 0 0 0 0 0 0 0 15038 0 0 0 14021 0 0 0 0 29046 0 0 0 0 0 0 0 0 0 0 0 0 0 0 0 0 0 11 168 0 0 0 174 0 0 13 0 0 0 0 0 0 0 7 168 0 0 0 174 0 0 9 0 0 0 0 0 0 0 0 0 0 0 0 0 0 0 0 0 0 0 0 0 0 0 0 0 0 0 0 0 0 0 0 0 0 0 0 0 0 0 0 0 0 0 0 0 0 0 0 
1 2 168 0 174 168 0 174 0 0 1 0 1 3 0 0 6 6 0 0 6 3 0 0 6 3 0 0 3 15038 0 14021 0 14021 0 29046 15038 0 29046 0 0 0 0 0 0 0 0 0 0 0 0 0 11 0 0 0 11 0 168 0 13 0 174 0 13 0 0 0 7 0 0 0 7 0 168 0 9 0 174 0 9 0 0 0 0 0 0 0 0 0 0 0 0 0 0 0 0 0 0 0 0 0 0 0 0 0 0 0 0 0 0 0 0 0 0 0 0 0 0 0 0 0 0 0 0 0 0 0 0 
1 1 168 0 175 168 0 175 0 0 0 0 0 3 0 0 6 6 0 0 6 3 0 0 6 3 0 0 3 15211 0 14021 0 14021 0 29213 15211 0 29213 0 0 0 0 0 0 0 0 0 0 0 0 0 11 0 0 0 11 0 0 0 14 0 0 0 14 0 0 0 7 0 0 0 7 0 0 0 10 0 0 0 10 0 0 0 0 0 0 0 0 0 0 0 0 0 0 0 0 0 0 0 0 0 0 0 0 0 0 0 0 0 0 0 0 0 0 0 0 0 0 0 0 0 0 0 0 0 0 0 0 
1 1 168 0 175 168 0 175 0 0 0 0 0 3 0 0 6 6 0 0 6 3 0 0 6 3 0 0 3 15211 0 14021 0 14021 0 29213 15211 0 29213 0 0 0 0 0 0 0 0 0 0 0 0 0 11 0 0 0 11 0 0 0 14 0 0 0 14 0 0 0 7 0 0 0 7 0 0 0 10 0 0 0 10 0 0 0 0 0 0 0 0 0 0 0 0 0 0 0 0 0 0 0 0 0 0 0 0 0 0 0 0 0 0 0 0 0 0 0 0 0 0 0 0 0 0 0 0 0 0 0 0 
1 1 168 0 175 168 0 175 0 0 0 0 0 3 0 0 6 6 0 0 6 3 0 0 6 3 0 0 3 15211 0 14021 0 14021 0 29213 15211 0 29213 0 0 0 0 0 0 0 0 0 0 0 0 0 11 0 0 0 11 0 0 0 14 0 0 0 14 0 0 0 7 0 0 0 7 0 0 0 10 0 0 0 10 0 0 0 0 0 0 0 0 0 0 0 0 0 0 0 0 0 0 0 0 0 0 0 0 0 0 0 0 0 0 0 0 0 0 0 0 0 0 0 0 0 0 0 0 0 0 0 0 
1 1 168 0 175 168 0 175 0 0 0 0 0 3 0 0 6 6 0 0 6 3 0 0 6 3 0 0 3 15211 0 14021 0 14021 0 29213 15211 0 29213 0 0 0 0 0 0 0 0 0 0 0 0 0 11 0 0 0 11 0 0 0 14 0 0 0 14 0 0 0 7 0 0 0 7 0 0 0 10 0 0 0 10 0 0 0 0 0 0 0 0 0 0 0 0 0 0 0 0 0 0 0 0 0 0 0 0 0 0 0 0 0 0 0 0 0 0 0 0 0 0 0 0 0 0 0 0 0 0 0 0 
1 1 168 0 175 168 0 175 0 0 0 0 0 3 0 0 6 6 0 0 6 3 0 0 6 3 0 0 3 15211 0 14021 0 14021 0 29213 15211 0 29213 0 0 0 0 0 0 0 0 0 0 0 0 0 11 0 0 0 11 0 0 0 14 0 0 0 14 0 0 0 7 0 0 0 7 0 0 0 10 0 0 0 10 0 0 0 0 0 0 0 0 0 0 0 0 0 0 0 0 0 0 0 0 0 0 0 0 0 0 0 0 0 0 0 0 0 0 0 0 0 0 0 0 0 0 0 0 0 0 0 0 
1 1 168 0 175 168 0 175 0 0 0 0 0 3 0 0 6 6 0 0 6 3 0 0 6 3 0 0 3 15211 0 14021 0 14021 0 29213 15211 0 29213 0 0 0 0 0 0 0 0 0 0 0 0 0 11 0 0 0 11 0 0 0 14 0 0 0 14 0 0 0 7 0 0 0 7 0 0 0 10 0 0 0 10 0 0 0 0 0 0 0 0 0 0 0 0 0 0 0 0 0 0 0 0 0 0 0 0 0 0 0 0 0 0 0 0 0 0 0 0 0 0 0 0 0 0 0 0 0 0 0 0 
1 1 168 0 175 168 0 175 0 0 0 0 0 3 0 0 6 6 0 0 6 3 0 0 6 3 0 0 3 15211 0 14021 0 14021 0 29213 15211 0 29213 0 0 0 0 0 0 0 0 0 0 0 0 0 11 0 0 0 11 0 0 0 14 0 0 0 14 0 0 0 7 0 0 0 7 0 0 0 10 0 0 0 10 0 0 0 0 0 0 0 0 0 0 0 0 0 0 0 0 0 0 0 0 0 0 0 0 0 0 0 0 0 0 0 0 0 0 0 0 0 0 0 0 0 0 0 0 0 0 0 0 
1 1 168 0 175 168 0 175 0 0 0 0 0 3 0 0 6 6 0 0 6 3 0 0 6 3 0 0 3 15211 0 14021 0 14021 0 29213 15211 0 29213 0 0 0 0 0 0 0 0 0 0 0 0 0 11 0 0 0 11 0 0 0 14 0 0 0 14 0 0 0 7 0 0 0 7 0 0 0 10 0 0 0 10 0 0 0 0 0 0 0 0 0 0 0 0 0 0 0 0 0 0 0 0 0 0 0 0 0 0 0 0 0 0 0 0 0 0 0 0 0 0 0 0 0 0 0 0 0 0 0 0 
1 1 168 0 175 168 0 175 0 0 0 0 0 3 0 0 6 6 0 0 6 3 0 0 6 3 0 0 3 15211 0 14021 0 14021 0 29213 15211 0 29213 0 0 0 0 0 0 0 0 0 0 0 0 0 11 0 0 0 11 0 0 0 14 0 0 0 14 0 0 0 7 0 0 0 7 0 0 0 10 0 0 0 10 0 0 0 0 0 0 0 0 0 0 0 0 0 0 0 0 0 0 0 0 0 0 0 0 0 0 0 0 0 0 0 0 0 0 0 0 0 0 0 0 0 0 0 0 0 0 0 0 
2 0 170 0 0 0 0 175 0 0 0 2 0 3 0 0 0 7 0 0 6 3 0 0 0 0 0 0 0 15041 0 0 0 14024 0 0 0 0 29053 0 0 0 0 0 0 0 0 0 0 0 0 0 0 0 0 0 8 166 0 0 0 171 0 0 10 0 0 0 0 0 0 0 5 166 0 0 0 171 0 0 7 0 0 0 0 0 0 0 0 0 0 0 2 0 0 0 0 0 0 0 0 0 0 0 0 0 0 3 0 0 0 3 0 2 0 0 0 0 0 0 0 0 0 0 0 0 0 0 0 
1 1 168 0 175 168 0 175 0 0 0 0 0 3 0 0 6 6 0 0 6 3 0 0 6 3 0 0 3 15211 0 14021 0 14021 0 29213 15211 0 29213 0 0 0 0 0 0 0 0 0 0 0 0 0 11 0 0 0 11 0 0 0 14 0 0 0 14 0 0 0 7 0 0 0 7 0 0 0 10 0 0 0 10 0 0 0 0 0 0 0 0 0 0 0 0 0 0 0 0 0 0 0 0 0 0 0 0 0 0 0 0 0 0 0 0 0 0 0 0 0 0 0 0 0 0 0 0 0 0 0 0 
1 1 168 0 175 168 0 175 0 0 0 0 0 3 0 0 6 6 0 0 6 3 0 0 6 3 0 0 3 15211 0 14021 0 14021 0 29213 15211 0 29213 0 0 0 0 0 0 0 0 0 0 0 0 0 11 0 0 0 11 0 0 0 14 0 0 0 14 0 0 0 7 0 0 0 7 0 0 0 10 0 0 0 10 0 0 0 0 0 0 0 0 0 0 0 0 0 0 0 0 0 0 0 0 0 0 0 0 0 0 0 0 0 0 0 0 0 0 0 0 0 0 0 0 0 0 0 0 0 0 0 0 
1 1 168 0 175 168 0 175 0 0 0 0 0 3 0 0 6 6 0 0 6 3 0 0 6 3 0 0 3 15211 0 14021 0 14021 0 29213 15211 0 29213 0 0 0 0 0 0 0 0 0 0 0 0 0 11 0 0 0 11 0 0 0 14 0 0 0 14 0 0 0 7 0 0 0 7 0 0 0 10 0 0 0 10 0 0 0 0 0 0 0 0 0 0 0 0 0 0 0 0 0 0 0 0 0 0 0 0 0 0 0 0 0 0 0 0 0 0 0 0 0 0 0 0 0 0 0 0 0 0 0 0 
1 1 168 0 175 168 0 175 0 0 0 0 0 3 0 0 6 6 0 0 6 3 0 0 6 3 0 0 3 15211 0 14021 0 14021 0 29213 15211 0 29213 0 0 0 0 0 0 0 0 0 0 0 0 0 11 0 0 0 11 0 0 0 14 0 0 0 14 0 0 0 7 0 0 0 7 0 0 0 10 0 0 0 10 0 0 0 0 0 0 0 0 0 0 0 0 0 0 0 0 0 0 0 0 0 0 0 0 0 0 0 0 0 0 0 0 0 0 0 0 0 0 0 0 0 0 0 0 0 0 0 0 
1 2 168 1 175 170 0 175 1 0 0 0 0 3 166 0 3 3 173 173 3 3 166 0 3 3 0 0 6 15211 0 14022 0 14021 0 29213 15211 0 29213 0 2 0 0 2 2 0 2 0 0 0 0 0 11 0 0 0 11 0 0 0 14 0 0 0 14 0 0 0 7 0 0 0 7 0 0 0 10 0 0 0 10 0 0 0 0 0 0 0 0 0 0 0 0 0 0 0 0 0 0 0 0 0 0 0 0 0 0 0 0 0 0 0 0 0 0 0 0 0 0 0 0 0 0 0 0 0 0 0 0 
1 1 168 0 175 168 0 175 0 0 0 0 0 3 0 0 6 6 0 0 6 3 0 0 6 3 0 0 3 15211 0 14021 0 14021 0 29213 15211 0 29213 0 0 0 0 0 0 0 0 0 0 0 0 0 11 0 0 0 11 0 0 0 14 0 0 0 14 0 0 0 7 0 0 0 7 0 0 0 10 0 0 0 10 0 0 0 0 0 0 0 0 0 0 0 0 0 0 0 0 0 0 0 0 0 0 0 0 0 0 0 0 0 0 0 0 0 0 0 0 0 0 0 0 0 0 0 0 0 0 0 0 
1 1 168 0 175 168 0 175 0 0 0 0 0 3 0 0 6 6 0 0 6 3 0 0 6 3 0 0 3 15211 0 14021 0 14021 0 29213 15211 0 29213 0 0 0 0 0 0 0 0 0 0 0 0 0 11 0 0 0 11 0 0 0 14 0 0 0 14 0 0 0 7 0 0 0 7 0 0 0 10 0 0 0 10 0 0 0 0 0 0 0 0 0 0 0 0 0 0 0 0 0 0 0 0 0 0 0 0 0 0 0 0 0 0 0 0 0 0 0 0 0 0 0 0 0 0 0 0 0 0 0 0 
1 1 168 0 175 168 0 175 0 0 0 0 0 3 0 0 6 6 0 0 6 3 0 0 6 3 0 0 3 15211 0 14021 0 14021 0 29213 15211 0 29213 0 0 0 0 0 0 0 0 0 0 0 0 0 11 0 0 0 11 0 0 0 14 0 0 0 14 0 0 0 7 0 0 0 7 0 0 0 10 0 0 0 10 0 0 0 0 0 0 0 0 0 0 0 0 0 0 0 0 0 0 0 0 0 0 0 0 0 0 0 0 0 0 0 0 0 0 0 0 0 0 0 0 0 0 0 0 0 0 0 0 
1 1 168 0 175 168 0 175 0 0 0 0 0 3 0 0 6 6 0 0 6 3 0 0 6 3 0 0 3 15211 0 14021 0 14021 0 29213 15211 0 29213 0 0 0 0 0 0 0 0 0 0 0 0 0 11 0 0 0 11 0 0 0 14 0 0 0 14 0 0 0 7 0 0 0 7 0 0 0 10 0 0 0 10 0 0 0 0 0 0 0 0 0 0 0 0 0 0 0 0 0 0 0 0 0 0 0 0 0 0 0 0 0 0 0 0 0 0 0 0 0 0 0 0 0 0 0 0 0 0 0 0 
1 0 169 0 0 0 0 175 0 0 0 0 0 3 0 0 0 6 0 0 6 3 0 0 0 0 0 0 0 15211 0 0 0 14189 0 0 0 0 29387 0 0 0 0 0 0 0 0 0 0 0 0 0 0 0 0 0 11 0 0 0 0 0 0 0 14 0 0 0 0 0 0 0 7 0 0 0 0 0 0 0 10 0 0 0 0 0 0 0 0 0 0 0 0 0 0 0 0 0 0 0 0 0 0 0 0 0 0 0 0 0 0 0 0 0 0 0 0 0 0 0 0 0 0 0 0 0 0 0 0 
1 1 168 0 175 168 0 175 0 0 0 0 0 3 0 0 6 6 0 0 6 3 0 0 6 3 0 0 3 15211 0 14021 0 14021 0 29213 15211 0 29213 0 0 0 0 0 0 0 0 0 0 0 0 0 11 0 0 0 11 0 0 0 14 0 0 0 14 0 0 0 7 0 0 0 7 0 0 0 10 0 0 0 10 0 0 0 0 0 0 0 0 0 0 0 0 0 0 0 0 0 0 0 0 0 0 0 0 0 0 0 0 0 0 0 0 0 0 0 0 0 0 0 0 0 0 0 0 0 0 0 0 
1 1 168 0 175 168 0 175 0 0 0 0 0 3 0 0 6 6 0 0 6 3 0 0 6 3 0 0 3 15211 0 14021 0 14021 0 29213 15211 0 29213 0 0 0 0 0 0 0 0 0 0 0 0 0 11 0 0 0 11 0 0 0 14 0 0 0 14 0 0 0 7 0 0 0 7 0 0 0 10 0 0 0 10 0 0 0 0 0 0 0 0 0 0 0 0 0 0 0 0 0 0 0 0 0 0 0 0 0 0 0 0 0 0 0 0 0 0 0 0 0 0 0 0 0 0 0 0 0 0 0 0 
1 1 168 0 175 168 0 175 0 0 0 0 0 3 0 0 6 6 0 0 6 3 0 0 6 3 0 0 3 15211 0 14021 0 14021 0 29213 15211 0 29213 0 0 0 0 0 0 0 0 0 0 0 0 0 11 0 0 0 11 0 0 0 14 0 0 0 14 0 0 0 7 0 0 0 7 0 0 0 10 0 0 0 10 0 0 0 0 0 0 0 0 0 0 0 0 0 0 0 0 0 0 0 0 0 0 0 0 0 0 0 0 0 0 0 0 0 0 0 0 0 0 0 0 0 0 0 0 0 0 0 0 
1 1 168 0 175 168 0 175 0 0 0 0 0 3 0 0 6 6 0 0 6 3 0 0 6 3 0 0 3 15211 0 14021 0 14021 0 29213 15211 0 29213 0 0 0 0 0 0 0 0 0 0 0 0 0 11 0 0 0 11 0 0 0 14 0 0 0 14 0 0 0 7 0 0 0 7 0 0 0 10 0 0 0 10 0 0 0 0 0 0 0 0 0 0 0 0 0 0 0 0 0 0 0 0 0 0 0 0 0 0 0 0 0 0 0 0 0 0 0 0 0 0 0 0 0 0 0 0 0 0 0 0 
1 1 168 0 175 168 0 175 0 0 0 0 0 3 0 0 6 6 0 0 6 3 0 0 6 3 0 0 3 15211 0 14021 0 14021 0 29213 15211 0 29213 0 0 0 0 0 0 0 0 0 0 0 0 0 11 0 0 0 11 0 0 0 14 0 0 0 14 0 0 0 7 0 0 0 7 0 0 0 10 0 0 0 10 0 0 0 0 0 0 0 0 0 0 0 0 0 0 0 0 0 0 0 0 0 0 0 0 0 0 0 0 0 0 0 0 0 0 0 0 0 0 0 0 0 0 0 0 0 0 0 0 
3 0 6 0 0 0 3 3 0 0 0 0 0 499 0 0 0 517 0 0 517 497 0 0 0 0 0 6 0 0 0 0 1 2 0 0 0 0 1 0 0 0 6 0 0 3 0 0 3 0 0 0 0 0 0 0 2 0 0 0 0 0 0 0 0 0 0 0 0 0 0 0 3 0 0 0 0 0 0 0 1 0 0 0 0 0 0 0 0 0 0 0 0 0 0 0 0 0 0 0 0 0 0 0 0 0 0 0 0 0 0 0 0 0 0 0 0 0 0 0 0 0 0 0 0 0 0 0 0 
3 2 170 4 174 170 2 174 1 1 0 1 0 2 168 172 1 2 172 172 1 2 166 172 1 2 170 168 3 15038 0 14022 0 14022 2 29046 15038 1 29046 2 4 0 2 2 2 0 2 0 2 168 0 1 10 174 0 1 10 168 0 0 13 174 0 0 13 0 0 1 7 0 0 1 7 0 0 0 10 0 0 0 10 0 0 0 0 0 0 0 0 0 0 0 0 0 0 0 0 0 0 0 0 0 0 0 0 0 0 0 0 0 0 0 0 0 0 0 0 0 0 0 0 0 0 0 0 0 0 0 0 
1 1 168 0 175 168 0 175 0 0 0 0 0 3 0 0 6 6 0 0 6 3 0 0 6 3 0 0 3 15211 0 14021 0 14021 0 29213 15211 0 29213 0 0 0 0 0 0 0 0 0 0 0 0 0 11 0 0 0 11 0 0 0 14 0 0 0 14 0 0 0 7 0 0 0 7 0 0 0 10 0 0 0 10 0 0 0 0 0 0 0 0 0 0 0 0 0 0 0 0 0 0 0 0 0 0 0 0 0 0 0 0 0 0 0 0 0 0 0 0 0 0 0 0 0 0 0 0 0 0 0 0 
1 1 168 0 175 168 0 175 0 0 0 0 0 3 0 0 6 6 0 0 6 3 0 0 6 3 0 0 3 15211 0 14021 0 14021 0 29213 15211 0 29213 0 0 0 0 0 0 0 0 0 0 0 0 0 11 0 0 0 11 0 0 0 14 0 0 0 14 0 0 0 7 0 0 0 7 0 0 0 10 0 0 0 10 0 0 0 0 0 0 0 0 0 0 0 0 0 0 0 0 0 0 0 0 0 0 0 0 0 0 0 0 0 0 0 0 0 0 0 0 0 0 0 0 0 0 0 0 0 0 0 0 
1 1 168 0 175 168 0 175 0 0 0 0 0 3 0 0 6 6 0 0 6 3 0 0 6 3 0 0 3 15211 0 14021 0 14021 0 29213 15211 0 29213 0 0 0 0 0 0 0 0 0 0 0 0 0 11 0 0 0 11 0 0 0 14 0 0 0 14 0 0 0 7 0 0 0 7 0 0 0 10 0 0 0 10 0 0 0 0 0 0 0 0 0 0 0 0 0 0 0 0 0 0 0 0 0 0 0 0 0 0 0 0 0 0 0 0 0 0 0 0 0 0 0 0 0 0 0 0 0 0 0 0 
1 1 168 0 175 168 0 175 0 0 0 0 0 3 0 0 6 6 0 0 6 3 0 0 6 3 0 0 3 15211 0 14021 0 14021 0 29213 15211 0 29213 0 0 0 0 0 0 0 0 0 0 0 0 0 11 0 0 0 11 0 0 0 14 0 0 0 14 0 0 0 7 0 0 0 7 0 0 0 10 0 0 0 10 0 0 0 0 0 0 0 0 0 0 0 0 0 0 0 0 0 0 0 0 0 0 0 0 0 0 0 0 0 0 0 0 0 0 0 0 0 0 0 0 0 0 0 0 0 0 0 0 
1 1 168 0 175 168 0 175 0 0 0 0 0 3 0 0 6 6 0 0 6 3 0 0 6 3 0 0 3 15211 0 14021 0 14021 0 29213 15211 0 29213 0 0 0 0 0 0 0 0 0 0 0 0 0 11 0 0 0 11 0 0 0 14 0 0 0 14 0 0 0 7 0 0 0 7 0 0 0 10 0 0 0 10 0 0 0 0 0 0 0 0 0 0 0 0 0 0 0 0 0 0 0 0 0 0 0 0 0 0 0 0 0 0 0 0 0 0 0 0 0 0 0 0 0 0 0 0 0 0 0 0 
2 2 166 1 173 166 0 173 0 2 2 2 2 3 0 0 6 6 0 0 6 3 0 0 6 3 0 0 3 14866 0 13690 0 13690 0 28537 14866 0 28537 0 0 0 0 0 0 0 0 0 0 166 166 0 9 173 173 0 9 166 166 0 12 173 173 0 12 166 166 0 5 173 173 0 5 166 166 0 8 173 173 0 8 1 0 0 1 0 0 0 0 0 0 0 0 0 0 0 0 1 0 0 0 1 0 0 0 0 0 0 1 0 0 0 1 0 1 0 1 0 0 0 0 0 0 0 0 0 0 0 0 
1 2 167 0 175 167 0 174 0 1 2 0 1 3 0 0 6 6 0 0 6 3 0 0 6 3 0 0 3 15039 0 13856 0 13856 0 28876 15039 0 28876 0 0 0 0 0 0 0 0 0 0 0 166 0 9 0 173 0 9 0 166 0 12 0 173 0 12 0 166 0 5 0 173 0 5 0 166 0 8 0 173 0 8 0 1 1 0 0 0 0 0 0 0 0 0 0 0 0 0 0 0 1 0 0 0 1 0 0 1 0 0 0 1 0 0 0 0 2 0 0 0 0 0 0 0 0 0 0 0 0 0 
1 1 168 0 175 168 0 175 0 0 0 0 0 3 0 0 6 6 0 0 6 3 0 0 6 3 0 0 3 15211 0 14021 0 14021 0 29213 15211 0 29213 0 0 0 0 0 0 0 0 0 0 0 0 0 11 0 0 0 11 0 0 0 14 0 0 0 14 0 0 0 7 0 0 0 7 0 0 0 10 0 0 0 10 0 0 0 0 0 0 0 0 0 0 0 0 0 0 0 0 0 0 0 0 0 0 0 0 0 0 0 0 0 0 0 0 0 0 0 0 0 0 0 0 0 0 0 0 0 0 0 0 
1 1 168 0 175 168 0 175 0 0 0 0 0 3 0 0 6 6 0 0 6 3 0 0 6 3 0 0 3 15211 0 14021 0 14021 0 29213 15211 0 29213 0 0 0 0 0 0 0 0 0 0 0 0 0 11 0 0 0 11 0 0 0 14 0 0 0 14 0 0 0 7 0 0 0 7 0 0 0 10 0 0 0 10 0 0 0 0 0 0 0 0 0 0 0 0 0 0 0 0 0 0 0 0 0 0 0 0 0 0 0 0 0 0 0 0 0 0 0 0 0 0 0 0 0 0 0 0 0 0 0 0 
1 1 168 0 175 168 0 175 0 0 0 0 0 3 0 0 6 6 0 0 6 3 0 0 6 3 0 0 3 15211 0 14021 0 14021 0 29213 15211 0 29213 0 0 0 0 0 0 0 0 0 0 0 0 0 11 0 0 0 11 0 0 0 14 0 0 0 14 0 0 0 7 0 0 0 7 0 0 0 10 0 0 0 10 0 0 0 0 0 0 0 0 0 0 0 0 0 0 0 0 0 0 0 0 0 0 0 0 0 0 0 0 0 0 0 0 0 0 0 0 0 0 0 0 0 0 0 0 0 0 0 0 
1 1 168 0 175 168 0 175 0 0 0 0 0 3 0 0 6 6 0 0 6 3 0 0 6 3 0 0 3 15211 0 14021 0 14021 0 29213 15211 0 29213 0 0 0 0 0 0 0 0 0 0 0 0 0 11 0 0 0 11 0 0 0 14 0 0 0 14 0 0 0 7 0 0 0 7 0 0 0 10 0 0 0 10 0 0 0 0 0 0 0 0 0 0 0 0 0 0 0 0 0 0 0 0 0 0 0 0 0 0 0 0 0 0 0 0 0 0 0 0 0 0 0 0 0 0 0 0 0 0 0 0 
1 1 168 0 175 168 0 175 0 0 0 0 0 3 0 0 6 6 0 0 6 3 0 0 6 3 0 0 3 15211 0 14021 0 14021 0 29213 15211 0 29213 0 0 0 0 0 0 0 0 0 0 0 0 0 11 0 0 0 11 0 0 0 14 0 0 0 14 0 0 0 7 0 0 0 7 0 0 0 10 0 0 0 10 0 0 0 0 0 0 0 0 0 0 0 0 0 0 0 0 0 0 0 0 0 0 0 0 0 0 0 0 0 0 0 0 0 0 0 0 0 0 0 0 0 0 0 0 0 0 0 0 
1 1 168 0 175 168 0 175 0 0 0 0 0 3 0 0 6 6 0 0 6 3 0 0 6 3 0 0 3 15211 0 14021 0 14021 0 29213 15211 0 29213 0 0 0 0 0 0 0 0 0 0 0 0 0 11 0 0 0 11 0 0 0 14 0 0 0 14 0 0 0 7 0 0 0 7 0 0 0 10 0 0 0 10 0 0 0 0 0 0 0 0 0 0 0 0 0 0 0 0 0 0 0 0 0 0 0 0 0 0 0 0 0 0 0 0 0 0 0 0 0 0 0 0 0 0 0 0 0 0 0 0 
1 1 168 0 175 168 0 175 0 0 0 0 0 3 0 0 6 6 0 0 6 3 0 0 6 3 0 0 3 15211 0 14021 0 14021 0 29213 15211 0 29213 0 0 0 0 0 0 0 0 0 0 0 0 0 11 0 0 0 11 0 0 0 14 0 0 0 14 0 0 0 7 0 0 0 7 0 0 0 10 0 0 0 10 0 0 0 0 0 0 0 0 0 0 0 0 0 0 0 0 0 0 0 0 0 0 0 0 0 0 0 0 0 0 0 0 0 0 0 0 0 0 0 0 0 0 0 0 0 0 0 0 
1 1 168 0 175 168 0 175 0 0 0 0 0 3 0 0 6 6 0 0 6 3 0 0 6 3 0 0 3 15211 0 14021 0 14021 0 29213 15211 0 29213 0 0 0 0 0 0 0 0 0 0 0 0 0 11 0 0 0 11 0 0 0 14 0 0 0 14 0 0 0 7 0 0 0 7 0 0 0 10 0 0 0 10 0 0 0 0 0 0 0 0 0 0 0 0 0 0 0 0 0 0 0 0 0 0 0 0 0 0 0 0 0 0 0 0 0 0 0 0 0 0 0 0 0 0 0 0 0 0 0 0 
1 1 168 0 175 168 0 175 0 0 0 0 0 3 0 0 6 6 0 0 6 3 0 0 6 3 0 0 3 15211 0 14021 0 14021 0 29213 15211 0 29213 0 0 0 0 0 0 0 0 0 0 0 0 0 11 0 0 0 11 0 0 0 14 0 0 0 14 0 0 0 7 0 0 0 7 0 0 0 10 0 0 0 10 0 0 0 0 0 0 0 0 0 0 0 0 0 0 0 0 0 0 0 0 0 0 0 0 0 0 0 0 0 0 0 0 0 0 0 0 0 0 0 0 0 0 0 0 0 0 0 0 
1 1 168 0 175 168 0 175 0 0 0 0 0 3 0 0 6 6 0 0 6 3 0 0 6 3 0 0 3 15211 0 14021 0 14021 0 29213 15211 0 29213 0 0 0 0 0 0 0 0 0 0 0 0 0 11 0 0 0 11 0 0 0 14 0 0 0 14 0 0 0 7 0 0 0 7 0 0 0 10 0 0 0 10 0 0 0 0 0 0 0 0 0 0 0 0 0 0 0 0 0 0 0 0 0 0 0 0 0 0 0 0 0 0 0 0 0 0 0 0 0 0 0 0 0 0 0 0 0 0 0 0 
1 1 168 0 175 168 0 175 0 0 0 0 0 3 0 0 6 6 0 0 6 3 0 0 6 3 0 0 3 15211 0 14021 0 14021 0 29213 15211 0 29213 0 0 0 0 0 0 0 0 0 0 0 0 0 11 0 0 0 11 0 0 0 14 0 0 0 14 0 0 0 7 0 0 0 7 0 0 0 10 0 0 0 10 0 0 0 0 0 0 0 0 0 0 0 0 0 0 0 0 0 0 0 0 0 0 0 0 0 0 0 0 0 0 0 0 0 0 0 0 0 0 0 0 0 0 0 0 0 0 0 0 
1 1 168 0 175 168 0 175 0 0 0 0 0 3 0 0 6 6 0 0 6 3 0 0 6 3 0 0 3 15211 0 14021 0 14021 0 29213 15211 0 29213 0 0 0 0 0 0 0 0 0 0 0 0 0 11 0 0 0 11 0 0 0 14 0 0 0 14 0 0 0 7 0 0 0 7 0 0 0 10 0 0 0 10 0 0 0 0 0 0 0 0 0 0 0 0 0 0 0 0 0 0 0 0 0 0 0 0 0 0 0 0 0 0 0 0 0 0 0 0 0 0 0 0 0 0 0 0 0 0 0 0 
1 1 168 0 175 168 0 175 0 0 0 0 0 3 0 0 6 6 0 0 6 3 0 0 6 3 0 0 3 15211 0 14021 0 14021 0 29213 15211 0 29213 0 0 0 0 0 0 0 0 0 0 0 0 0 11 0 0 0 11 0 0 0 14 0 0 0 14 0 0 0 7 0 0 0 7 0 0 0 10 0 0 0 10 0 0 0 0 0 0 0 0 0 0 0 0 0 0 0 0 0 0 0 0 0 0 0 0 0 0 0 0 0 0 0 0 0 0 0 0 0 0 0 0 0 0 0 0 0 0 0 0 
1 1 168 0 175 168 0 175 0 0 0 0 0 3 0 0 6 6 0 0 6 3 0 0 6 3 0 0 3 15211 0 14021 0 14021 0 29213 15211 0 29213 0 0 0 0 0 0 0 0 0 0 0 0 0 11 0 0 0 11 0 0 0 14 0 0 0 14 0 0 0 7 0 0 0 7 0 0 0 10 0 0 0 10 0 0 0 0 0 0 0 0 0 0 0 0 0 0 0 0 0 0 0 0 0 0 0 0 0 0 0 0 0 0 0 0 0 0 0 0 0 0 0 0 0 0 0 0 0 0 0 0 
1 1 168 0 175 168 0 175 0 0 0 0 0 3 0 0 6 6 0 0 6 3 0 0 6 3 0 0 3 15211 0 14021 0 14021 0 29213 15211 0 29213 0 0 0 0 0 0 0 0 0 0 0 0 0 11 0 0 0 11 0 0 0 14 0 0 0 14 0 0 0 7 0 0 0 7 0 0 0 10 0 0 0 10 0 0 0 0 0 0 0 0 0 0 0 0 0 0 0 0 0 0 0 0 0 0 0 0 0 0 0 0 0 0 0 0 0 0 0 0 0 0 0 0 0 0 0 0 0 0 0 0 
1 1 168 0 175 168 0 175 0 0 0 0 0 3 0 0 6 6 0 0 6 3 0 0 6 3 0 0 3 15211 0 14021 0 14021 0 29213 15211 0 29213 0 0 0 0 0 0 0 0 0 0 0 0 0 11 0 0 0 11 0 0 0 14 0 0 0 14 0 0 0 7 0 0 0 7 0 0 0 10 0 0 0 10 0 0 0 0 0 0 0 0 0 0 0 0 0 0 0 0 0 0 0 0 0 0 0 0 0 0 0 0 0 0 0 0 0 0 0 0 0 0 0 0 0 0 0 0 0 0 0 0 
1 1 168 0 175 168 0 175 0 0 0 0 0 3 0 0 6 6 0 0 6 3 0 0 6 3 0 0 3 15211 0 14021 0 14021 0 29213 15211 0 29213 0 0 0 0 0 0 0 0 0 0 0 0 0 11 0 0 0 11 0 0 0 14 0 0 0 14 0 0 0 7 0 0 0 7 0 0 0 10 0 0 0 10 0 0 0 0 0 0 0 0 0 0 0 0 0 0 0 0 0 0 0 0 0 0 0 0 0 0 0 0 0 0 0 0 0 0 0 0 0 0 0 0 0 0 0 0 0 0 0 0 
1 1 168 0 175 168 0 175 0 0 0 0 0 3 0 0 6 6 0 0 6 3 0 0 6 3 0 0 3 15211 0 14021 0 14021 0 29213 15211 0 29213 0 0 0 0 0 0 0 0 0 0 0 0 0 11 0 0 0 11 0 0 0 14 0 0 0 14 0 0 0 7 0 0 0 7 0 0 0 10 0 0 0 10 0 0 0 0 0 0 0 0 0 0 0 0 0 0 0 0 0 0 0 0 0 0 0 0 0 0 0 0 0 0 0 0 0 0 0 0 0 0 0 0 0 0 0 0 0 0 0 0 
1 1 168 0 175 168 0 175 0 0 0 0 0 3 0 0 6 6 0 0 6 3 0 0 6 3 0 0 3 15211 0 14021 0 14021 0 29213 15211 0 29213 0 0 0 0 0 0 0 0 0 0 0 0 0 11 0 0 0 11 0 0 0 14 0 0 0 14 0 0 0 7 0 0 0 7 0 0 0 10 0 0 0 10 0 0 0 0 0 0 0 0 0 0 0 0 0 0 0 0 0 0 0 0 0 0 0 0 0 0 0 0 0 0 0 0 0 0 0 0 0 0 0 0 0 0 0 0 0 0 0 0 
1 1 168 0 175 168 0 175 0 0 0 0 0 3 0 0 6 6 0 0 6 3 0 0 6 3 0 0 3 15211 0 14021 0 14021 0 29213 15211 0 29213 0 0 0 0 0 0 0 0 0 0 0 0 0 11 0 0 0 11 0 0 0 14 0 0 0 14 0 0 0 7 0 0 0 7 0 0 0 10 0 0 0 10 0 0 0 0 0 0 0 0 0 0 0 0 0 0 0 0 0 0 0 0 0 0 0 0 0 0 0 0 0 0 0 0 0 0 0 0 0 0 0 0 0 0 0 0 0 0 0 0 
1 1 168 0 175 168 0 175 0 0 0 0 0 3 0 0 6 6 0 0 6 3 0 0 6 3 0 0 3 15211 0 14021 0 14021 0 29213 15211 0 29213 0 0 0 0 0 0 0 0 0 0 0 0 0 11 0 0 0 11 0 0 0 14 0 0 0 14 0 0 0 7 0 0 0 7 0 0 0 10 0 0 0 10 0 0 0 0 0 0 0 0 0 0 0 0 0 0 0 0 0 0 0 0 0 0 0 0 0 0 0 0 0 0 0 0 0 0 0 0 0 0 0 0 0 0 0 0 0 0 0 0 
1 1 168 0 175 168 0 175 0 0 0 0 0 3 0 0 6 6 0 0 6 3 0 0 6 3 0 0 3 15211 0 14021 0 14021 0 29213 15211 0 29213 0 0 0 0 0 0 0 0 0 0 0 0 0 11 0 0 0 11 0 0 0 14 0 0 0 14 0 0 0 7 0 0 0 7 0 0 0 10 0 0 0 10 0 0 0 0 0 0 0 0 0 0 0 0 0 0 0 0 0 0 0 0 0 0 0 0 0 0 0 0 0 0 0 0 0 0 0 0 0 0 0 0 0 0 0 0 0 0 0 0 
1 2 168 1 175 168 0 175 1 0 0 0 0 3 168 0 5 5 175 175 5 3 168 0 5 3 0 0 3 15211 0 14021 0 14021 0 29213 15211 0 29213 0 0 0 0 0 0 0 0 0 0 0 0 0 11 0 0 0 11 0 0 0 14 0 0 0 14 0 0 0 7 0 0 0 7 0 0 0 10 0 0 0 10 0 0 0 0 0 0 0 0 0 0 0 0 0 0 0 0 0 0 0 0 0 0 0 0 0 0 0 0 0 0 0 0 0 0 0 0 0 0 0 0 0 0 0 0 0 0 0 0 
1 1 168 0 175 168 0 175 0 0 0 0 0 3 0 0 6 6 0 0 6 3 0 0 6 3 0 0 3 15211 0 14021 0 14021 0 29213 15211 0 29213 0 0 0 0 0 0 0 0 0 0 0 0 0 11 0 0 0 11 0 0 0 14 0 0 0 14 0 0 0 7 0 0 0 7 0 0 0 10 0 0 0 10 0 0 0 0 0 0 0 0 0 0 0 0 0 0 0 0 0 0 0 0 0 0 0 0 0 0 0 0 0 0 0 0 0 0 0 0 0 0 0 0 0 0 0 0 0 0 0 0 
1 1 168 0 175 168 0 175 0 0 0 0 0 3 0 0 6 6 0 0 6 3 0 0 6 3 0 0 3 15211 0 14021 0 14021 0 29213 15211 0 29213 0 0 0 0 0 0 0 0 0 0 0 0 0 11 0 0 0 11 0 0 0 14 0 0 0 14 0 0 0 7 0 0 0 7 0 0 0 10 0 0 0 10 0 0 0 0 0 0 0 0 0 0 0 0 0 0 0 0 0 0 0 0 0 0 0 0 0 0 0 0 0 0 0 0 0 0 0 0 0 0 0 0 0 0 0 0 0 0 0 0 
1 1 168 0 175 168 0 175 0 0 0 0 0 3 0 0 6 6 0 0 6 3 0 0 6 3 0 0 3 15211 0 14021 0 14021 0 29213 15211 0 29213 0 0 0 0 0 0 0 0 0 0 0 0 0 11 0 0 0 11 0 0 0 14 0 0 0 14 0 0 0 7 0 0 0 7 0 0 0 10 0 0 0 10 0 0 0 0 0 0 0 0 0 0 0 0 0 0 0 0 0 0 0 0 0 0 0 0 0 0 0 0 0 0 0 0 0 0 0 0 0 0 0 0 0 0 0 0 0 0 0 0 
1 1 168 0 175 168 0 175 0 0 0 0 0 3 0 0 6 6 0 0 6 3 0 0 6 3 0 0 3 15211 0 14021 0 14021 0 29213 15211 0 29213 0 0 0 0 0 0 0 0 0 0 0 0 0 11 0 0 0 11 0 0 0 14 0 0 0 14 0 0 0 7 0 0 0 7 0 0 0 10 0 0 0 10 0 0 0 0 0 0 0 0 0 0 0 0 0 0 0 0 0 0 0 0 0 0 0 0 0 0 0 0 0 0 0 0 0 0 0 0 0 0 0 0 0 0 0 0 0 0 0 0 
1 1 168 0 1 1 0 174 0 1 0 0 1 2 0 0 0 5 0 0 5 2 0 0 0 2 0 0 2 15038 0 0 0 14021 0 1 0 0 29046 0 0 0 0 0 0 0 0 0 0 1 168 0 0 1 174 0 10 0 168 0 0 0 174 0 13 1 0 0 0 1 0 0 7 0 0 0 0 0 0 0 10 0 0 0 0 0 0 0 0 0 0 0 0 0 0 0 0 0 0 0 0 0 0 0 0 0 0 0 0 0 0 0 0 0 0 0 0 0 0 0 0 0 0 0 0 0 0 0 0 
1 1 168 0 175 168 0 175 0 0 0 0 0 3 0 0 6 6 0 0 6 3 0 0 6 3 0 0 3 15211 0 14021 0 14021 0 29213 15211 0 29213 0 0 0 0 0 0 0 0 0 0 0 0 0 11 0 0 0 11 0 0 0 14 0 0 0 14 0 0 0 7 0 0 0 7 0 0 0 10 0 0 0 10 0 0 0 0 0 0 0 0 0 0 0 0 0 0 0 0 0 0 0 0 0 0 0 0 0 0 0 0 0 0 0 0 0 0 0 0 0 0 0 0 0 0 0 0 0 0 0 0 
1 1 168 0 175 168 0 175 0 0 0 0 0 3 0 0 6 6 0 0 6 3 0 0 6 3 0 0 3 15211 0 14021 0 14021 0 29213 15211 0 29213 0 0 0 0 0 0 0 0 0 0 0 0 0 11 0 0 0 11 0 0 0 14 0 0 0 14 0 0 0 7 0 0 0 7 0 0 0 10 0 0 0 10 0 0 0 0 0 0 0 0 0 0 0 0 0 0 0 0 0 0 0 0 0 0 0 0 0 0 0 0 0 0 0 0 0 0 0 0 0 0 0 0 0 0 0 0 0 0 0 0 
1 1 168 0 175 168 0 175 0 0 0 0 0 3 0 0 6 6 0 0 6 3 0 0 6 3 0 0 3 15211 0 14021 0 14021 0 29213 15211 0 29213 0 0 0 0 0 0 0 0 0 0 0 0 0 11 0 0 0 11 0 0 0 14 0 0 0 14 0 0 0 7 0 0 0 7 0 0 0 10 0 0 0 10 0 0 0 0 0 0 0 0 0 0 0 0 0 0 0 0 0 0 0 0 0 0 0 0 0 0 0 0 0 0 0 0 0 0 0 0 0 0 0 0 0 0 0 0 0 0 0 0 
1 1 168 0 175 168 0 175 0 0 0 0 0 3 0 0 6 6 0 0 6 3 0 0 6 3 0 0 3 15211 0 14021 0 14021 0 29213 15211 0 29213 0 0 0 0 0 0 0 0 0 0 0 0 0 11 0 0 0 11 0 0 0 14 0 0 0 14 0 0 0 7 0 0 0 7 0 0 0 10 0 0 0 10 0 0 0 0 0 0 0 0 0 0 0 0 0 0 0 0 0 0 0 0 0 0 0 0 0 0 0 0 0 0 0 0 0 0 0 0 0 0 0 0 0 0 0 0 0 0 0 0 
1 1 168 0 175 168 0 175 0 0 0 0 0 3 0 0 6 6 0 0 6 3 0 0 6 3 0 0 3 15211 0 14021 0 14021 0 29213 15211 0 29213 0 0 0 0 0 0 0 0 0 0 0 0 0 11 0 0 0 11 0 0 0 14 0 0 0 14 0 0 0 7 0 0 0 7 0 0 0 10 0 0 0 10 0 0 0 0 0 0 0 0 0 0 0 0 0 0 0 0 0 0 0 0 0 0 0 0 0 0 0 0 0 0 0 0 0 0 0 0 0 0 0 0 0 0 0 0 0 0 0 0 
1 1 168 0 175 168 0 175 0 0 0 0 0 3 0 0 6 6 0 0 6 3 0 0 6 3 0 0 3 15211 0 14021 0 14021 0 29213 15211 0 29213 0 0 0 0 0 0 0 0 0 0 0 0 0 11 0 0 0 11 0 0 0 14 0 0 0 14 0 0 0 7 0 0 0 7 0 0 0 10 0 0 0 10 0 0 0 0 0 0 0 0 0 0 0 0 0 0 0 0 0 0 0 0 0 0 0 0 0 0 0 0 0 0 0 0 0 0 0 0 0 0 0 0 0 0 0 0 0 0 0 0 
1 1 168 0 175 168 0 175 0 0 0 0 0 3 0 0 6 6 0 0 6 3 0 0 6 3 0 0 3 15211 0 14021 0 14021 0 29213 15211 0 29213 0 0 0 0 0 0 0 0 0 0 0 0 0 11 0 0 0 11 0 0 0 14 0 0 0 14 0 0 0 7 0 0 0 7 0 0 0 10 0 0 0 10 0 0 0 0 0 0 0 0 0 0 0 0 0 0 0 0 0 0 0 0 0 0 0 0 0 0 0 0 0 0 0 0 0 0 0 0 0 0 0 0 0 0 0 0 0 0 0 0 
1 1 168 0 175 168 0 175 0 0 0 0 0 3 0 0 6 6 0 0 6 3 0 0 6 3 0 0 3 15211 0 14021 0 14021 0 29213 15211 0 29213 0 0 0 0 0 0 0 0 0 0 0 0 0 11 0 0 0 11 0 0 0 14 0 0 0 14 0 0 0 7 0 0 0 7 0 0 0 10 0 0 0 10 0 0 0 0 0 0 0 0 0 0 0 0 0 0 0 0 0 0 0 0 0 0 0 0 0 0 0 0 0 0 0 0 0 0 0 0 0 0 0 0 0 0 0 0 0 0 0 0 
1 1 168 0 175 168 0 175 0 0 0 0 0 3 0 0 6 6 0 0 6 3 0 0 6 3 0 0 3 15211 0 14021 0 14021 0 29213 15211 0 29213 0 0 0 0 0 0 0 0 0 0 0 0 0 11 0 0 0 11 0 0 0 14 0 0 0 14 0 0 0 7 0 0 0 7 0 0 0 10 0 0 0 10 0 0 0 0 0 0 0 0 0 0 0 0 0 0 0 0 0 0 0 0 0 0 0 0 0 0 0 0 0 0 0 0 0 0 0 0 0 0 0 0 0 0 0 0 0 0 0 0 
1 1 168 0 175 168 0 175 0 0 0 0 0 3 0 0 6 6 0 0 6 3 0 0 6 3 0 0 3 15211 0 14021 0 14021 0 29213 15211 0 29213 0 0 0 0 0 0 0 0 0 0 0 0 0 11 0 0 0 11 0 0 0 14 0 0 0 14 0 0 0 7 0 0 0 7 0 0 0 10 0 0 0 10 0 0 0 0 0 0 0 0 0 0 0 0 0 0 0 0 0 0 0 0 0 0 0 0 0 0 0 0 0 0 0 0 0 0 0 0 0 0 0 0 0 0 0 0 0 0 0 0 
1 1 168 0 175 168 0 175 0 0 0 0 0 3 0 0 6 6 0 0 6 3 0 0 6 3 0 0 3 15211 0 14021 0 14021 0 29213 15211 0 29213 0 0 0 0 0 0 0 0 0 0 0 0 0 11 0 0 0 11 0 0 0 14 0 0 0 14 0 0 0 7 0 0 0 7 0 0 0 10 0 0 0 10 0 0 0 0 0 0 0 0 0 0 0 0 0 0 0 0 0 0 0 0 0 0 0 0 0 0 0 0 0 0 0 0 0 0 0 0 0 0 0 0 0 0 0 0 0 0 0 0 
1 1 168 0 175 168 0 175 0 0 0 0 0 3 0 0 6 6 0 0 6 3 0 0 6 3 0 0 3 15211 0 14021 0 14021 0 29213 15211 0 29213 0 0 0 0 0 0 0 0 0 0 0 0 0 11 0 0 0 11 0 0 0 14 0 0 0 14 0 0 0 7 0 0 0 7 0 0 0 10 0 0 0 10 0 0 0 0 0 0 0 0 0 0 0 0 0 0 0 0 0 0 0 0 0 0 0 0 0 0 0 0 0 0 0 0 0 0 0 0 0 0 0 0 0 0 0 0 0 0 0 0 
2 1 168 0 174 168 0 175 0 1 0 1 0 3 0 0 6 6 0 0 6 3 0 0 6 3 0 0 3 15039 0 14021 0 14021 0 29047 15039 0 29047 0 0 0 0 0 0 0 0 0 0 167 0 0 9 173 0 0 9 167 0 0 12 173 0 0 12 0 0 0 7 0 0 0 7 0 0 0 10 0 0 0 10 0 0 0 0 0 0 0 0 1 0 0 1 0 0 0 0 0 0 0 0 0 0 0 0 0 0 0 0 0 1 1 0 0 0 0 0 0 0 0 0 0 0 0 0 0 0 0 0 
1 2 167 0 0 0 0 173 1 2 0 0 2 3 0 0 0 6 0 0 6 3 0 0 0 0 0 0 0 14866 0 0 0 13854 0 0 0 0 28707 0 0 0 0 0 0 0 0 0 0 0 334 0 0 0 346 0 9 0 334 0 0 0 346 0 12 0 0 0 0 0 0 0 7 0 0 0 0 0 0 0 10 0 0 0 0 0 0 0 1 0 0 0 0 1 0 0 0 0 0 0 0 0 0 0 0 0 0 0 0 2 0 0 0 0 0 0 0 0 0 0 0 0 0 0 0 0 0 0 0 
2 0 168 0 0 0 0 174 0 0 0 2 0 3 0 0 0 6 0 0 6 3 0 0 0 0 0 0 0 15038 0 0 0 14021 0 0 0 0 29046 0 0 0 0 0 0 0 0 0 0 0 0 0 0 0 0 0 11 168 0 0 0 174 0 0 13 0 0 0 0 0 0 0 7 168 0 0 0 174 0 0 9 0 0 0 0 0 0 0 0 0 0 0 0 0 0 0 0 0 0 0 0 0 0 0 0 0 0 0 0 0 0 0 0 0 0 0 0 0 0 0 0 0 0 0 0 0 0 0 0 
1 1 168 0 175 168 0 175 0 0 0 0 0 3 0 0 6 6 0 0 6 3 0 0 6 3 0 0 3 15211 0 14021 0 14021 0 29213 15211 0 29213 0 0 0 0 0 0 0 0 0 0 0 0 0 11 0 0 0 11 0 0 0 14 0 0 0 14 0 0 0 7 0 0 0 7 0 0 0 10 0 0 0 10 0 0 0 0 0 0 0 0 0 0 0 0 0 0 0 0 0 0 0 0 0 0 0 0 0 0 0 0 0 0 0 0 0 0 0 0 0 0 0 0 0 0 0 0 0 0 0 0 
1 3 166 0 173 166 0 173 1 2 4 0 2 3 0 0 6 6 0 0 6 3 0 0 6 3 0 0 3 14866 0 13690 0 13690 0 28537 14866 0 28537 0 0 0 0 0 0 0 0 0 0 0 332 0 9 0 346 0 9 0 332 0 12 0 346 0 12 0 332 0 5 0 346 0 5 0 332 0 8 0 346 0 8 0 0 0 0 1 0 0 1 0 0 1 0 1 0 0 0 0 0 0 0 0 0 0 0 2 0 0 0 2 0 0 0 0 0 0 0 0 0 0 0 0 0 0 0 0 0 0 0 
1 1 168 0 175 168 0 175 0 0 0 0 0 3 0 0 6 6 0 0 6 3 0 0 6 3 0 0 3 15211 0 14021 0 14021 0 29213 15211 0 29213 0 0 0 0 0 0 0 0 0 0 0 0 0 11 0 0 0 11 0 0 0 14 0 0 0 14 0 0 0 7 0 0 0 7 0 0 0 10 0 0 0 10 0 0 0 0 0 0 0 0 0 0 0 0 0 0 0 0 0 0 0 0 0 0 0 0 0 0 0 0 0 0 0 0 0 0 0 0 0 0 0 0 0 0 0 0 0 0 0 0 
1 1 168 0 175 168 0 175 0 0 0 0 0 3 0 0 6 6 0 0 6 3 0 0 6 3 0 0 3 15211 0 14021 0 14021 0 29213 15211 0 29213 0 0 0 0 0 0 0 0 0 0 0 0 0 11 0 0 0 11 0 0 0 14 0 0 0 14 0 0 0 7 0 0 0 7 0 0 0 10 0 0 0 10 0 0 0 0 0 0 0 0 0 0 0 0 0 0 0 0 0 0 0 0 0 0 0 0 0 0 0 0 0 0 0 0 0 0 0 0 0 0 0 0 0 0 0 0 0 0 0 0 
1 1 168 0 175 168 0 175 0 0 0 0 0 3 0 0 6 6 0 0 6 3 0 0 6 3 0 0 3 15211 0 14021 0 14021 0 29213 15211 0 29213 0 0 0 0 0 0 0 0 0 0 0 0 0 11 0 0 0 11 0 0 0 14 0 0 0 14 0 0 0 7 0 0 0 7 0 0 0 10 0 0 0 10 0 0 0 0 0 0 0 0 0 0 0 0 0 0 0 0 0 0 0 0 0 0 0 0 0 0 0 0 0 0 0 0 0 0 0 0 0 0 0 0 0 0 0 0 0 0 0 0 
1 1 168 0 175 168 0 175 0 0 0 0 0 3 0 0 6 6 0 0 6 3 0 0 6 3 0 0 3 15211 0 14021 0 14021 0 29213 15211 0 29213 0 0 0 0 0 0 0 0 0 0 0 0 0 11 0 0 0 11 0 0 0 14 0 0 0 14 0 0 0 7 0 0 0 7 0 0 0 10 0 0 0 10 0 0 0 0 0 0 0 0 0 0 0 0 0 0 0 0 0 0 0 0 0 0 0 0 0 0 0 0 0 0 0 0 0 0 0 0 0 0 0 0 0 0 0 0 0 0 0 0 
1 1 168 0 175 168 0 175 0 0 0 0 0 3 0 0 6 6 0 0 6 3 0 0 6 3 0 0 3 15211 0 14021 0 14021 0 29213 15211 0 29213 0 0 0 0 0 0 0 0 0 0 0 0 0 11 0 0 0 11 0 0 0 14 0 0 0 14 0 0 0 7 0 0 0 7 0 0 0 10 0 0 0 10 0 0 0 0 0 0 0 0 0 0 0 0 0 0 0 0 0 0 0 0 0 0 0 0 0 0 0 0 0 0 0 0 0 0 0 0 0 0 0 0 0 0 0 0 0 0 0 0 
1 1 168 0 175 168 0 175 0 0 0 0 0 3 0 0 6 6 0 0 6 3 0 0 6 3 0 0 3 15211 0 14021 0 14021 0 29213 15211 0 29213 0 0 0 0 0 0 0 0 0 0 0 0 0 11 0 0 0 11 0 0 0 14 0 0 0 14 0 0 0 7 0 0 0 7 0 0 0 10 0 0 0 10 0 0 0 0 0 0 0 0 0 0 0 0 0 0 0 0 0 0 0 0 0 0 0 0 0 0 0 0 0 0 0 0 0 0 0 0 0 0 0 0 0 0 0 0 0 0 0 0 
2 1 168 0 174 168 0 175 0 1 0 1 0 3 0 0 6 6 0 0 6 3 0 0 6 3 0 0 3 15039 0 14021 0 14021 0 29047 15039 0 29047 0 0 0 0 0 0 0 0 0 0 167 0 0 9 173 0 0 9 167 0 0 12 173 0 0 12 0 0 0 7 0 0 0 7 0 0 0 10 0 0 0 10 0 0 0 0 0 0 0 0 1 0 0 1 0 0 0 0 0 0 0 0 0 0 0 0 0 0 0 0 0 1 1 0 0 0 0 0 0 0 0 0 0 0 0 0 0 0 0 0 
1 1 168 0 175 168 0 175 0 0 0 0 0 3 0 0 6 6 0 0 6 3 0 0 6 3 0 0 3 15211 0 14021 0 14021 0 29213 15211 0 29213 0 0 0 0 0 0 0 0 0 0 0 0 0 11 0 0 0 11 0 0 0 14 0 0 0 14 0 0 0 7 0 0 0 7 0 0 0 10 0 0 0 10 0 0 0 0 0 0 0 0 0 0 0 0 0 0 0 0 0 0 0 0 0 0 0 0 0 0 0 0 0 0 0 0 0 0 0 0 0 0 0 0 0 0 0 0 0 0 0 0 
1 1 168 0 175 168 0 175 0 0 0 0 0 3 0 0 6 6 0 0 6 3 0 0 6 3 0 0 3 15211 0 14021 0 14021 0 29213 15211 0 29213 0 0 0 0 0 0 0 0 0 0 0 0 0 11 0 0 0 11 0 0 0 14 0 0 0 14 0 0 0 7 0 0 0 7 0 0 0 10 0 0 0 10 0 0 0 0 0 0 0 0 0 0 0 0 0 0 0 0 0 0 0 0 0 0 0 0 0 0 0 0 0 0 0 0 0 0 0 0 0 0 0 0 0 0 0 0 0 0 0 0 
1 0 169 0 0 0 0 175 0 0 0 0 0 3 0 0 0 6 0 0 6 3 0 0 0 0 0 0 0 15211 0 0 0 14189 0 0 0 0 29387 0 0 0 0 0 0 0 0 0 0 0 0 0 0 0 0 0 11 0 0 0 0 0 0 0 14 0 0 0 0 0 0 0 7 0 0 0 0 0 0 0 10 0 0 0 0 0 0 0 0 0 0 0 0 0 0 0 0 0 0 0 0 0 0 0 0 0 0 0 0 0 0 0 0 0 0 0 0 0 0 0 0 0 0 0 0 0 0 0 0 
1 1 168 0 175 168 0 175 0 0 0 0 0 3 0 0 6 6 0 0 6 3 0 0 6 3 0 0 3 15211 0 14021 0 14021 0 29213 15211 0 29213 0 0 0 0 0 0 0 0 0 0 0 0 0 11 0 0 0 11 0 0 0 14 0 0 0 14 0 0 0 7 0 0 0 7 0 0 0 10 0 0 0 10 0 0 0 0 0 0 0 0 0 0 0 0 0 0 0 0 0 0 0 0 0 0 0 0 0 0 0 0 0 0 0 0 0 0 0 0 0 0 0 0 0 0 0 0 0 0 0 0 
1 1 168 0 175 168 0 175 0 0 0 0 0 3 0 0 6 6 0 0 6 3 0 0 6 3 0 0 3 15211 0 14021 0 14021 0 29213 15211 0 29213 0 0 0 0 0 0 0 0 0 0 0 0 0 11 0 0 0 11 0 0 0 14 0 0 0 14 0 0 0 7 0 0 0 7 0 0 0 10 0 0 0 10 0 0 0 0 0 0 0 0 0 0 0 0 0 0 0 0 0 0 0 0 0 0 0 0 0 0 0 0 0 0 0 0 0 0 0 0 0 0 0 0 0 0 0 0 0 0 0 0 
1 1 168 0 175 168 0 175 0 0 0 0 0 3 0 0 6 6 0 0 6 3 0 0 6 3 0 0 3 15211 0 14021 0 14021 0 29213 15211 0 29213 0 0 0 0 0 0 0 0 0 0 0 0 0 11 0 0 0 11 0 0 0 14 0 0 0 14 0 0 0 7 0 0 0 7 0 0 0 10 0 0 0 10 0 0 0 0 0 0 0 0 0 0 0 0 0 0 0 0 0 0 0 0 0 0 0 0 0 0 0 0 0 0 0 0 0 0 0 0 0 0 0 0 0 0 0 0 0 0 0 0 
1 0 1 0 0 0 0 1 0 0 0 0 0 168 0 0 0 175 0 0 175 168 0 0 0 0 0 0 0 0 0 0 0 0 0 0 0 0 0 0 0 0 0 0 0 0 0 0 0 0 0 0 0 0 0 0 0 0 0 0 0 0 0 0 0 0 0 0 0 0 0 0 0 0 0 0 0 0 0 0 0 0 0 0 0 0 0 0 0 0 0 0 0 0 0 0 0 0 0 0 0 0 0 0 0 0 0 0 0 0 0 0 0 0 0 0 0 0 0 0 0 0 0 0 0 0 0 0 0 
1 1 168 0 175 168 0 175 0 0 0 0 0 3 0 0 6 6 0 0 6 3 0 0 6 3 0 0 3 15211 0 14021 0 14021 0 29213 15211 0 29213 0 0 0 0 0 0 0 0 0 0 0 0 0 11 0 0 0 11 0 0 0 14 0 0 0 14 0 0 0 7 0 0 0 7 0 0 0 10 0 0 0 10 0 0 0 0 0 0 0 0 0 0 0 0 0 0 0 0 0 0 0 0 0 0 0 0 0 0 0 0 0 0 0 0 0 0 0 0 0 0 0 0 0 0 0 0 0 0 0 0 
2 1 167 0 174 167 0 175 0 1 0 2 1 3 0 0 6 6 0 0 6 3 0 0 6 3 0 0 3 15039 0 13856 0 13856 0 28876 15039 0 28876 0 0 0 0 0 0 0 0 0 0 166 0 0 9 173 0 0 9 166 0 0 12 173 0 0 12 166 0 0 5 173 0 0 5 166 0 0 8 173 0 0 8 0 0 0 0 0 1 0 0 1 0 0 2 0 0 0 0 0 0 0 0 0 0 0 0 0 1 1 0 0 1 1 0 0 0 0 0 0 0 0 0 0 0 0 0 0 0 0 0 
1 1 168 0 175 168 0 175 0 0 0 0 0 3 0 0 6 6 0 0 6 3 0 0 6 3 0 0 3 15211 0 14021 0 14021 0 29213 15211 0 29213 0 0 0 0 0 0 0 0 0 0 0 0 0 11 0 0 0 11 0 0 0 14 0 0 0 14 0 0 0 7 0 0 0 7 0 0 0 10 0 0 0 10 0 0 0 0 0 0 0 0 0 0 0 0 0 0 0 0 0 0 0 0 0 0 0 0 0 0 0 0 0 0 0 0 0 0 0 0 0 0 0 0 0 0 0 0 0 0 0 0 
0 1 0 0 176 168 0 0 0 0 0 0 0 0 0 0 6 0 0 0 0 0 0 0 6 3 0 0 3 0 0 14021 0 0 0 29380 15386 0 0 0 0 0 0 0 0 0 0 0 0 0 0 0 11 0 0 0 0 0 0 0 14 0 0 0 0 0 0 0 7 0 0 0 0 0 0 0 10 0 0 0 0 0 0 0 0 0 0 0 0 0 0 0 0 0 0 0 0 0 0 0 0 0 0 0 0 0 0 0 0 0 0 0 0 0 0 0 0 0 0 0 0 0 0 0 0 0 0 0 0 
1 1 168 0 175 168 0 175 0 0 0 0 0 3 0 0 6 6 0 0 6 3 0 0 6 3 0 0 3 15211 0 14021 0 14021 0 29213 15211 0 29213 0 0 0 0 0 0 0 0 0 0 0 0 0 11 0 0 0 11 0 0 0 14 0 0 0 14 0 0 0 7 0 0 0 7 0 0 0 10 0 0 0 10 0 0 0 0 0 0 0 0 0 0 0 0 0 0 0 0 0 0 0 0 0 0 0 0 0 0 0 0 0 0 0 0 0 0 0 0 0 0 0 0 0 0 0 0 0 0 0 0 
1 1 168 0 175 168 0 175 0 0 0 0 0 3 0 0 6 6 0 0 6 3 0 0 6 3 0 0 3 15211 0 14021 0 14021 0 29213 15211 0 29213 0 0 0 0 0 0 0 0 0 0 0 0 0 11 0 0 0 11 0 0 0 14 0 0 0 14 0 0 0 7 0 0 0 7 0 0 0 10 0 0 0 10 0 0 0 0 0 0 0 0 0 0 0 0 0 0 0 0 0 0 0 0 0 0 0 0 0 0 0 0 0 0 0 0 0 0 0 0 0 0 0 0 0 0 0 0 0 0 0 0 
1 1 168 0 175 168 0 175 0 0 0 0 0 3 0 0 6 6 0 0 6 3 0 0 6 3 0 0 3 15211 0 14021 0 14021 0 29213 15211 0 29213 0 0 0 0 0 0 0 0 0 0 0 0 0 11 0 0 0 11 0 0 0 14 0 0 0 14 0 0 0 7 0 0 0 7 0 0 0 10 0 0 0 10 0 0 0 0 0 0 0 0 0 0 0 0 0 0 0 0 0 0 0 0 0 0 0 0 0 0 0 0 0 0 0 0 0 0 0 0 0 0 0 0 0 0 0 0 0 0 0 0 
1 1 168 0 175 168 0 175 0 0 0 0 0 3 0 0 6 6 0 0 6 3 0 0 6 3 0 0 3 15211 0 14021 0 14021 0 29213 15211 0 29213 0 0 0 0 0 0 0 0 0 0 0 0 0 11 0 0 0 11 0 0 0 14 0 0 0 14 0 0 0 7 0 0 0 7 0 0 0 10 0 0 0 10 0 0 0 0 0 0 0 0 0 0 0 0 0 0 0 0 0 0 0 0 0 0 0 0 0 0 0 0 0 0 0 0 0 0 0 0 0 0 0 0 0 0 0 0 0 0 0 0 
1 1 168 0 175 168 0 175 0 0 0 0 0 3 0 0 6 6 0 0 6 3 0 0 6 3 0 0 3 15211 0 14021 0 14021 0 29213 15211 0 29213 0 0 0 0 0 0 0 0 0 0 0 0 0 11 0 0 0 11 0 0 0 14 0 0 0 14 0 0 0 7 0 0 0 7 0 0 0 10 0 0 0 10 0 0 0 0 0 0 0 0 0 0 0 0 0 0 0 0 0 0 0 0 0 0 0 0 0 0 0 0 0 0 0 0 0 0 0 0 0 0 0 0 0 0 0 0 0 0 0 0 
1 1 168 0 175 168 0 175 0 0 0 0 0 3 0 0 6 6 0 0 6 3 0 0 6 3 0 0 3 15211 0 14021 0 14021 0 29213 15211 0 29213 0 0 0 0 0 0 0 0 0 0 0 0 0 11 0 0 0 11 0 0 0 14 0 0 0 14 0 0 0 7 0 0 0 7 0 0 0 10 0 0 0 10 0 0 0 0 0 0 0 0 0 0 0 0 0 0 0 0 0 0 0 0 0 0 0 0 0 0 0 0 0 0 0 0 0 0 0 0 0 0 0 0 0 0 0 0 0 0 0 0 
1 1 168 0 175 168 0 175 0 0 0 0 0 3 0 0 6 6 0 0 6 3 0 0 6 3 0 0 3 15211 0 14021 0 14021 0 29213 15211 0 29213 0 0 0 0 0 0 0 0 0 0 0 0 0 11 0 0 0 11 0 0 0 14 0 0 0 14 0 0 0 7 0 0 0 7 0 0 0 10 0 0 0 10 0 0 0 0 0 0 0 0 0 0 0 0 0 0 0 0 0 0 0 0 0 0 0 0 0 0 0 0 0 0 0 0 0 0 0 0 0 0 0 0 0 0 0 0 0 0 0 0 
1 1 168 0 175 168 0 175 0 0 0 0 0 3 0 0 6 6 0 0 6 3 0 0 6 3 0 0 3 15211 0 14021 0 14021 0 29213 15211 0 29213 0 0 0 0 0 0 0 0 0 0 0 0 0 11 0 0 0 11 0 0 0 14 0 0 0 14 0 0 0 7 0 0 0 7 0 0 0 10 0 0 0 10 0 0 0 0 0 0 0 0 0 0 0 0 0 0 0 0 0 0 0 0 0 0 0 0 0 0 0 0 0 0 0 0 0 0 0 0 0 0 0 0 0 0 0 0 0 0 0 0 
1 1 168 0 175 168 0 175 0 0 0 0 0 3 0 0 6 6 0 0 6 3 0 0 6 3 0 0 3 15211 0 14021 0 14021 0 29213 15211 0 29213 0 0 0 0 0 0 0 0 0 0 0 0 0 11 0 0 0 11 0 0 0 14 0 0 0 14 0 0 0 7 0 0 0 7 0 0 0 10 0 0 0 10 0 0 0 0 0 0 0 0 0 0 0 0 0 0 0 0 0 0 0 0 0 0 0 0 0 0 0 0 0 0 0 0 0 0 0 0 0 0 0 0 0 0 0 0 0 0 0 0 
1 1 168 0 175 168 0 175 0 0 0 0 0 3 0 0 6 6 0 0 6 3 0 0 6 3 0 0 3 15211 0 14021 0 14021 0 29213 15211 0 29213 0 0 0 0 0 0 0 0 0 0 0 0 0 11 0 0 0 11 0 0 0 14 0 0 0 14 0 0 0 7 0 0 0 7 0 0 0 10 0 0 0 10 0 0 0 0 0 0 0 0 0 0 0 0 0 0 0 0 0 0 0 0 0 0 0 0 0 0 0 0 0 0 0 0 0 0 0 0 0 0 0 0 0 0 0 0 0 0 0 0 
1 1 168 0 175 168 0 175 0 0 0 0 0 3 0 0 6 6 0 0 6 3 0 0 6 3 0 0 3 15211 0 14021 0 14021 0 29213 15211 0 29213 0 0 0 0 0 0 0 0 0 0 0 0 0 11 0 0 0 11 0 0 0 14 0 0 0 14 0 0 0 7 0 0 0 7 0 0 0 10 0 0 0 10 0 0 0 0 0 0 0 0 0 0 0 0 0 0 0 0 0 0 0 0 0 0 0 0 0 0 0 0 0 0 0 0 0 0 0 0 0 0 0 0 0 0 0 0 0 0 0 0 
1 1 168 0 175 168 0 175 0 0 0 0 0 3 0 0 6 6 0 0 6 3 0 0 6 3 0 0 3 15211 0 14021 0 14021 0 29213 15211 0 29213 0 0 0 0 0 0 0 0 0 0 0 0 0 11 0 0 0 11 0 0 0 14 0 0 0 14 0 0 0 7 0 0 0 7 0 0 0 10 0 0 0 10 0 0 0 0 0 0 0 0 0 0 0 0 0 0 0 0 0 0 0 0 0 0 0 0 0 0 0 0 0 0 0 0 0 0 0 0 0 0 0 0 0 0 0 0 0 0 0 0 
1 1 168 0 175 168 0 175 0 0 0 0 0 3 0 0 6 6 0 0 6 3 0 0 6 3 0 0 3 15211 0 14021 0 14021 0 29213 15211 0 29213 0 0 0 0 0 0 0 0 0 0 0 0 0 11 0 0 0 11 0 0 0 14 0 0 0 14 0 0 0 7 0 0 0 7 0 0 0 10 0 0 0 10 0 0 0 0 0 0 0 0 0 0 0 0 0 0 0 0 0 0 0 0 0 0 0 0 0 0 0 0 0 0 0 0 0 0 0 0 0 0 0 0 0 0 0 0 0 0 0 0 
1 1 168 0 175 168 0 175 0 0 0 0 0 3 0 0 6 6 0 0 6 3 0 0 6 3 0 0 3 15211 0 14021 0 14021 0 29213 15211 0 29213 0 0 0 0 0 0 0 0 0 0 0 0 0 11 0 0 0 11 0 0 0 14 0 0 0 14 0 0 0 7 0 0 0 7 0 0 0 10 0 0 0 10 0 0 0 0 0 0 0 0 0 0 0 0 0 0 0 0 0 0 0 0 0 0 0 0 0 0 0 0 0 0 0 0 0 0 0 0 0 0 0 0 0 0 0 0 0 0 0 0 
1 1 168 0 175 168 0 175 0 0 0 0 0 3 0 0 6 6 0 0 6 3 0 0 6 3 0 0 3 15211 0 14021 0 14021 0 29213 15211 0 29213 0 0 0 0 0 0 0 0 0 0 0 0 0 11 0 0 0 11 0 0 0 14 0 0 0 14 0 0 0 7 0 0 0 7 0 0 0 10 0 0 0 10 0 0 0 0 0 0 0 0 0 0 0 0 0 0 0 0 0 0 0 0 0 0 0 0 0 0 0 0 0 0 0 0 0 0 0 0 0 0 0 0 0 0 0 0 0 0 0 0 
1 1 168 0 175 168 0 175 0 0 0 0 0 3 0 0 6 6 0 0 6 3 0 0 6 3 0 0 3 15211 0 14021 0 14021 0 29213 15211 0 29213 0 0 0 0 0 0 0 0 0 0 0 0 0 11 0 0 0 11 0 0 0 14 0 0 0 14 0 0 0 7 0 0 0 7 0 0 0 10 0 0 0 10 0 0 0 0 0 0 0 0 0 0 0 0 0 0 0 0 0 0 0 0 0 0 0 0 0 0 0 0 0 0 0 0 0 0 0 0 0 0 0 0 0 0 0 0 0 0 0 0 
1 1 168 0 175 168 0 175 0 0 0 0 0 3 0 0 6 6 0 0 6 3 0 0 6 3 0 0 3 15211 0 14021 0 14021 0 29213 15211 0 29213 0 0 0 0 0 0 0 0 0 0 0 0 0 11 0 0 0 11 0 0 0 14 0 0 0 14 0 0 0 7 0 0 0 7 0 0 0 10 0 0 0 10 0 0 0 0 0 0 0 0 0 0 0 0 0 0 0 0 0 0 0 0 0 0 0 0 0 0 0 0 0 0 0 0 0 0 0 0 0 0 0 0 0 0 0 0 0 0 0 0 
1 1 168 0 175 168 0 175 0 0 0 0 0 3 0 0 6 6 0 0 6 3 0 0 6 3 0 0 3 15211 0 14021 0 14021 0 29213 15211 0 29213 0 0 0 0 0 0 0 0 0 0 0 0 0 11 0 0 0 11 0 0 0 14 0 0 0 14 0 0 0 7 0 0 0 7 0 0 0 10 0 0 0 10 0 0 0 0 0 0 0 0 0 0 0 0 0 0 0 0 0 0 0 0 0 0 0 0 0 0 0 0 0 0 0 0 0 0 0 0 0 0 0 0 0 0 0 0 0 0 0 0 
1 1 168 0 175 168 0 175 0 0 0 0 0 3 0 0 6 6 0 0 6 3 0 0 6 3 0 0 3 15211 0 14021 0 14021 0 29213 15211 0 29213 0 0 0 0 0 0 0 0 0 0 0 0 0 11 0 0 0 11 0 0 0 14 0 0 0 14 0 0 0 7 0 0 0 7 0 0 0 10 0 0 0 10 0 0 0 0 0 0 0 0 0 0 0 0 0 0 0 0 0 0 0 0 0 0 0 0 0 0 0 0 0 0 0 0 0 0 0 0 0 0 0 0 0 0 0 0 0 0 0 0 
1 1 168 0 175 168 0 175 0 0 0 0 0 3 0 0 6 6 0 0 6 3 0 0 6 3 0 0 3 15211 0 14021 0 14021 0 29213 15211 0 29213 0 0 0 0 0 0 0 0 0 0 0 0 0 11 0 0 0 11 0 0 0 14 0 0 0 14 0 0 0 7 0 0 0 7 0 0 0 10 0 0 0 10 0 0 0 0 0 0 0 0 0 0 0 0 0 0 0 0 0 0 0 0 0 0 0 0 0 0 0 0 0 0 0 0 0 0 0 0 0 0 0 0 0 0 0 0 0 0 0 0 
1 1 168 0 175 168 0 175 0 0 0 0 0 3 0 0 6 6 0 0 6 3 0 0 6 3 0 0 3 15211 0 14021 0 14021 0 29213 15211 0 29213 0 0 0 0 0 0 0 0 0 0 0 0 0 11 0 0 0 11 0 0 0 14 0 0 0 14 0 0 0 7 0 0 0 7 0 0 0 10 0 0 0 10 0 0 0 0 0 0 0 0 0 0 0 0 0 0 0 0 0 0 0 0 0 0 0 0 0 0 0 0 0 0 0 0 0 0 0 0 0 0 0 0 0 0 0 0 0 0 0 0 
1 1 168 0 175 168 0 175 0 0 0 0 0 3 0 0 6 6 0 0 6 3 0 0 6 3 0 0 3 15211 0 14021 0 14021 0 29213 15211 0 29213 0 0 0 0 0 0 0 0 0 0 0 0 0 11 0 0 0 11 0 0 0 14 0 0 0 14 0 0 0 7 0 0 0 7 0 0 0 10 0 0 0 10 0 0 0 0 0 0 0 0 0 0 0 0 0 0 0 0 0 0 0 0 0 0 0 0 0 0 0 0 0 0 0 0 0 0 0 0 0 0 0 0 0 0 0 0 0 0 0 0 
1 1 168 0 175 168 0 175 0 0 0 0 0 3 0 0 6 6 0 0 6 3 0 0 6 3 0 0 3 15211 0 14021 0 14021 0 29213 15211 0 29213 0 0 0 0 0 0 0 0 0 0 0 0 0 11 0 0 0 11 0 0 0 14 0 0 0 14 0 0 0 7 0 0 0 7 0 0 0 10 0 0 0 10 0 0 0 0 0 0 0 0 0 0 0 0 0 0 0 0 0 0 0 0 0 0 0 0 0 0 0 0 0 0 0 0 0 0 0 0 0 0 0 0 0 0 0 0 0 0 0 0 
1 1 168 0 175 168 0 175 0 0 0 0 0 3 0 0 6 6 0 0 6 3 0 0 6 3 0 0 3 15211 0 14021 0 14021 0 29213 15211 0 29213 0 0 0 0 0 0 0 0 0 0 0 0 0 11 0 0 0 11 0 0 0 14 0 0 0 14 0 0 0 7 0 0 0 7 0 0 0 10 0 0 0 10 0 0 0 0 0 0 0 0 0 0 0 0 0 0 0 0 0 0 0 0 0 0 0 0 0 0 0 0 0 0 0 0 0 0 0 0 0 0 0 0 0 0 0 0 0 0 0 0 
1 1 168 0 175 168 0 175 0 0 0 0 0 3 0 0 6 6 0 0 6 3 0 0 6 3 0 0 3 15211 0 14021 0 14021 0 29213 15211 0 29213 0 0 0 0 0 0 0 0 0 0 0 0 0 11 0 0 0 11 0 0 0 14 0 0 0 14 0 0 0 7 0 0 0 7 0 0 0 10 0 0 0 10 0 0 0 0 0 0 0 0 0 0 0 0 0 0 0 0 0 0 0 0 0 0 0 0 0 0 0 0 0 0 0 0 0 0 0 0 0 0 0 0 0 0 0 0 0 0 0 0 
1 1 168 0 175 168 0 175 0 0 0 0 0 3 0 0 6 6 0 0 6 3 0 0 6 3 0 0 3 15211 0 14021 0 14021 0 29213 15211 0 29213 0 0 0 0 0 0 0 0 0 0 0 0 0 11 0 0 0 11 0 0 0 14 0 0 0 14 0 0 0 7 0 0 0 7 0 0 0 10 0 0 0 10 0 0 0 0 0 0 0 0 0 0 0 0 0 0 0 0 0 0 0 0 0 0 0 0 0 0 0 0 0 0 0 0 0 0 0 0 0 0 0 0 0 0 0 0 0 0 0 0 
1 1 168 0 175 168 0 175 0 0 0 0 0 3 0 0 6 6 0 0 6 3 0 0 6 3 0 0 3 15211 0 14021 0 14021 0 29213 15211 0 29213 0 0 0 0 0 0 0 0 0 0 0 0 0 11 0 0 0 11 0 0 0 14 0 0 0 14 0 0 0 7 0 0 0 7 0 0 0 10 0 0 0 10 0 0 0 0 0 0 0 0 0 0 0 0 0 0 0 0 0 0 0 0 0 0 0 0 0 0 0 0 0 0 0 0 0 0 0 0 0 0 0 0 0 0 0 0 0 0 0 0 
1 1 168 0 175 168 0 175 0 0 0 0 0 3 0 0 6 6 0 0 6 3 0 0 6 3 0 0 3 15211 0 14021 0 14021 0 29213 15211 0 29213 0 0 0 0 0 0 0 0 0 0 0 0 0 11 0 0 0 11 0 0 0 14 0 0 0 14 0 0 0 7 0 0 0 7 0 0 0 10 0 0 0 10 0 0 0 0 0 0 0 0 0 0 0 0 0 0 0 0 0 0 0 0 0 0 0 0 0 0 0 0 0 0 0 0 0 0 0 0 0 0 0 0 0 0 0 0 0 0 0 0 
1 1 168 0 175 168 0 175 0 0 0 0 0 3 0 0 6 6 0 0 6 3 0 0 6 3 0 0 3 15211 0 14021 0 14021 0 29213 15211 0 29213 0 0 0 0 0 0 0 0 0 0 0 0 0 11 0 0 0 11 0 0 0 14 0 0 0 14 0 0 0 7 0 0 0 7 0 0 0 10 0 0 0 10 0 0 0 0 0 0 0 0 0 0 0 0 0 0 0 0 0 0 0 0 0 0 0 0 0 0 0 0 0 0 0 0 0 0 0 0 0 0 0 0 0 0 0 0 0 0 0 0 
1 1 168 0 175 168 0 175 0 0 0 0 0 3 0 0 6 6 0 0 6 3 0 0 6 3 0 0 3 15211 0 14021 0 14021 0 29213 15211 0 29213 0 0 0 0 0 0 0 0 0 0 0 0 0 11 0 0 0 11 0 0 0 14 0 0 0 14 0 0 0 7 0 0 0 7 0 0 0 10 0 0 0 10 0 0 0 0 0 0 0 0 0 0 0 0 0 0 0 0 0 0 0 0 0 0 0 0 0 0 0 0 0 0 0 0 0 0 0 0 0 0 0 0 0 0 0 0 0 0 0 0 
1 1 168 0 175 168 0 175 0 0 0 0 0 3 0 0 6 6 0 0 6 3 0 0 6 3 0 0 3 15211 0 14021 0 14021 0 29213 15211 0 29213 0 0 0 0 0 0 0 0 0 0 0 0 0 11 0 0 0 11 0 0 0 14 0 0 0 14 0 0 0 7 0 0 0 7 0 0 0 10 0 0 0 10 0 0 0 0 0 0 0 0 0 0 0 0 0 0 0 0 0 0 0 0 0 0 0 0 0 0 0 0 0 0 0 0 0 0 0 0 0 0 0 0 0 0 0 0 0 0 0 0 
1 1 168 0 175 168 0 175 0 0 0 0 0 3 0 0 6 6 0 0 6 3 0 0 6 3 0 0 3 15211 0 14021 0 14021 0 29213 15211 0 29213 0 0 0 0 0 0 0 0 0 0 0 0 0 11 0 0 0 11 0 0 0 14 0 0 0 14 0 0 0 7 0 0 0 7 0 0 0 10 0 0 0 10 0 0 0 0 0 0 0 0 0 0 0 0 0 0 0 0 0 0 0 0 0 0 0 0 0 0 0 0 0 0 0 0 0 0 0 0 0 0 0 0 0 0 0 0 0 0 0 0 
1 1 168 0 175 168 0 175 0 0 0 0 0 3 0 0 6 6 0 0 6 3 0 0 6 3 0 0 3 15211 0 14021 0 14021 0 29213 15211 0 29213 0 0 0 0 0 0 0 0 0 0 0 0 0 11 0 0 0 11 0 0 0 14 0 0 0 14 0 0 0 7 0 0 0 7 0 0 0 10 0 0 0 10 0 0 0 0 0 0 0 0 0 0 0 0 0 0 0 0 0 0 0 0 0 0 0 0 0 0 0 0 0 0 0 0 0 0 0 0 0 0 0 0 0 0 0 0 0 0 0 0 
1 1 168 0 175 168 0 175 0 0 0 0 0 3 0 0 6 6 0 0 6 3 0 0 6 3 0 0 3 15211 0 14021 0 14021 0 29213 15211 0 29213 0 0 0 0 0 0 0 0 0 0 0 0 0 11 0 0 0 11 0 0 0 14 0 0 0 14 0 0 0 7 0 0 0 7 0 0 0 10 0 0 0 10 0 0 0 0 0 0 0 0 0 0 0 0 0 0 0 0 0 0 0 0 0 0 0 0 0 0 0 0 0 0 0 0 0 0 0 0 0 0 0 0 0 0 0 0 0 0 0 0 
1 1 168 0 175 168 0 175 0 0 0 0 0 3 0 0 6 6 0 0 6 3 0 0 6 3 0 0 3 15211 0 14021 0 14021 0 29213 15211 0 29213 0 0 0 0 0 0 0 0 0 0 0 0 0 11 0 0 0 11 0 0 0 14 0 0 0 14 0 0 0 7 0 0 0 7 0 0 0 10 0 0 0 10 0 0 0 0 0 0 0 0 0 0 0 0 0 0 0 0 0 0 0 0 0 0 0 0 0 0 0 0 0 0 0 0 0 0 0 0 0 0 0 0 0 0 0 0 0 0 0 0 
1 1 168 0 175 168 0 175 0 0 0 0 0 3 0 0 6 6 0 0 6 3 0 0 6 3 0 0 3 15211 0 14021 0 14021 0 29213 15211 0 29213 0 0 0 0 0 0 0 0 0 0 0 0 0 11 0 0 0 11 0 0 0 14 0 0 0 14 0 0 0 7 0 0 0 7 0 0 0 10 0 0 0 10 0 0 0 0 0 0 0 0 0 0 0 0 0 0 0 0 0 0 0 0 0 0 0 0 0 0 0 0 0 0 0 0 0 0 0 0 0 0 0 0 0 0 0 0 0 0 0 0 
1 1 168 0 175 168 0 175 0 0 0 0 0 3 0 0 6 6 0 0 6 3 0 0 6 3 0 0 3 15211 0 14021 0 14021 0 29213 15211 0 29213 0 0 0 0 0 0 0 0 0 0 0 0 0 11 0 0 0 11 0 0 0 14 0 0 0 14 0 0 0 7 0 0 0 7 0 0 0 10 0 0 0 10 0 0 0 0 0 0 0 0 0 0 0 0 0 0 0 0 0 0 0 0 0 0 0 0 0 0 0 0 0 0 0 0 0 0 0 0 0 0 0 0 0 0 0 0 0 0 0 0 
1 1 168 0 175 168 0 175 0 0 0 0 0 3 0 0 6 6 0 0 6 3 0 0 6 3 0 0 3 15211 0 14021 0 14021 0 29213 15211 0 29213 0 0 0 0 0 0 0 0 0 0 0 0 0 11 0 0 0 11 0 0 0 14 0 0 0 14 0 0 0 7 0 0 0 7 0 0 0 10 0 0 0 10 0 0 0 0 0 0 0 0 0 0 0 0 0 0 0 0 0 0 0 0 0 0 0 0 0 0 0 0 0 0 0 0 0 0 0 0 0 0 0 0 0 0 0 0 0 0 0 0 
1 1 168 0 175 168 0 175 0 0 0 0 0 3 0 0 6 6 0 0 6 3 0 0 6 3 0 0 3 15211 0 14021 0 14021 0 29213 15211 0 29213 0 0 0 0 0 0 0 0 0 0 0 0 0 11 0 0 0 11 0 0 0 14 0 0 0 14 0 0 0 7 0 0 0 7 0 0 0 10 0 0 0 10 0 0 0 0 0 0 0 0 0 0 0 0 0 0 0 0 0 0 0 0 0 0 0 0 0 0 0 0 0 0 0 0 0 0 0 0 0 0 0 0 0 0 0 0 0 0 0 0 
1 1 168 0 175 168 0 175 0 0 0 0 0 3 0 0 6 6 0 0 6 3 0 0 6 3 0 0 3 15211 0 14021 0 14021 0 29213 15211 0 29213 0 0 0 0 0 0 0 0 0 0 0 0 0 11 0 0 0 11 0 0 0 14 0 0 0 14 0 0 0 7 0 0 0 7 0 0 0 10 0 0 0 10 0 0 0 0 0 0 0 0 0 0 0 0 0 0 0 0 0 0 0 0 0 0 0 0 0 0 0 0 0 0 0 0 0 0 0 0 0 0 0 0 0 0 0 0 0 0 0 0 
2 1 167 0 174 167 0 175 0 1 0 2 1 3 0 0 6 6 0 0 6 3 0 0 6 3 0 0 3 15039 0 13856 0 13856 0 28876 15039 0 28876 0 0 0 0 0 0 0 0 0 0 166 0 0 9 173 0 0 9 166 0 0 12 173 0 0 12 166 0 0 5 173 0 0 5 166 0 0 8 173 0 0 8 0 0 0 0 0 1 0 0 1 0 0 2 0 0 0 0 0 0 0 0 0 0 0 0 0 1 1 0 0 1 1 0 0 0 0 0 0 0 0 0 0 0 0 0 0 0 0 0 
1 1 168 0 175 168 0 175 0 0 0 0 0 3 0 0 6 6 0 0 6 3 0 0 6 3 0 0 3 15211 0 14021 0 14021 0 29213 15211 0 29213 0 0 0 0 0 0 0 0 0 0 0 0 0 11 0 0 0 11 0 0 0 14 0 0 0 14 0 0 0 7 0 0 0 7 0 0 0 10 0 0 0 10 0 0 0 0 0 0 0 0 0 0 0 0 0 0 0 0 0 0 0 0 0 0 0 0 0 0 0 0 0 0 0 0 0 0 0 0 0 0 0 0 0 0 0 0 0 0 0 0 
0 1 0 0 176 168 0 0 0 0 0 0 0 0 0 0 6 0 0 0 0 0 0 0 6 3 0 0 3 0 0 14021 0 0 0 29380 15386 0 0 0 0 0 0 0 0 0 0 0 0 0 0 0 11 0 0 0 0 0 0 0 14 0 0 0 0 0 0 0 7 0 0 0 0 0 0 0 10 0 0 0 0 0 0 0 0 0 0 0 0 0 0 0 0 0 0 0 0 0 0 0 0 0 0 0 0 0 0 0 0 0 0 0 0 0 0 0 0 0 0 0 0 0 0 0 0 0 0 0 0 
1 1 168 0 175 168 0 175 0 0 0 0 0 3 0 0 6 6 0 0 6 3 0 0 6 3 0 0 3 15211 0 14021 0 14021 0 29213 15211 0 29213 0 0 0 0 0 0 0 0 0 0 0 0 0 11 0 0 0 11 0 0 0 14 0 0 0 14 0 0 0 7 0 0 0 7 0 0 0 10 0 0 0 10 0 0 0 0 0 0 0 0 0 0 0 0 0 0 0 0 0 0 0 0 0 0 0 0 0 0 0 0 0 0 0 0 0 0 0 0 0 0 0 0 0 0 0 0 0 0 0 0 
1 1 168 0 175 168 0 175 0 0 0 0 0 3 0 0 6 6 0 0 6 3 0 0 6 3 0 0 3 15211 0 14021 0 14021 0 29213 15211 0 29213 0 0 0 0 0 0 0 0 0 0 0 0 0 11 0 0 0 11 0 0 0 14 0 0 0 14 0 0 0 7 0 0 0 7 0 0 0 10 0 0 0 10 0 0 0 0 0 0 0 0 0 0 0 0 0 0 0 0 0 0 0 0 0 0 0 0 0 0 0 0 0 0 0 0 0 0 0 0 0 0 0 0 0 0 0 0 0 0 0 0 
1 1 168 0 175 168 0 175 0 0 0 0 0 3 0 0 6 6 0 0 6 3 0 0 6 3 0 0 3 15211 0 14021 0 14021 0 29213 15211 0 29213 0 0 0 0 0 0 0 0 0 0 0 0 0 11 0 0 0 11 0 0 0 14 0 0 0 14 0 0 0 7 0 0 0 7 0 0 0 10 0 0 0 10 0 0 0 0 0 0 0 0 0 0 0 0 0 0 0 0 0 0 0 0 0 0 0 0 0 0 0 0 0 0 0 0 0 0 0 0 0 0 0 0 0 0 0 0 0 0 0 0 
1 1 168 0 175 168 0 175 0 0 0 0 0 3 0 0 6 6 0 0 6 3 0 0 6 3 0 0 3 15211 0 14021 0 14021 0 29213 15211 0 29213 0 0 0 0 0 0 0 0 0 0 0 0 0 11 0 0 0 11 0 0 0 14 0 0 0 14 0 0 0 7 0 0 0 7 0 0 0 10 0 0 0 10 0 0 0 0 0 0 0 0 0 0 0 0 0 0 0 0 0 0 0 0 0 0 0 0 0 0 0 0 0 0 0 0 0 0 0 0 0 0 0 0 0 0 0 0 0 0 0 0 
1 1 168 0 175 168 0 175 0 0 0 0 0 3 0 0 6 6 0 0 6 3 0 0 6 3 0 0 3 15211 0 14021 0 14021 0 29213 15211 0 29213 0 0 0 0 0 0 0 0 0 0 0 0 0 11 0 0 0 11 0 0 0 14 0 0 0 14 0 0 0 7 0 0 0 7 0 0 0 10 0 0 0 10 0 0 0 0 0 0 0 0 0 0 0 0 0 0 0 0 0 0 0 0 0 0 0 0 0 0 0 0 0 0 0 0 0 0 0 0 0 0 0 0 0 0 0 0 0 0 0 0 
1 1 168 0 175 168 0 175 0 0 0 0 0 3 0 0 6 6 0 0 6 3 0 0 6 3 0 0 3 15211 0 14021 0 14021 0 29213 15211 0 29213 0 0 0 0 0 0 0 0 0 0 0 0 0 11 0 0 0 11 0 0 0 14 0 0 0 14 0 0 0 7 0 0 0 7 0 0 0 10 0 0 0 10 0 0 0 0 0 0 0 0 0 0 0 0 0 0 0 0 0 0 0 0 0 0 0 0 0 0 0 0 0 0 0 0 0 0 0 0 0 0 0 0 0 0 0 0 0 0 0 0 
1 1 168 0 175 168 0 175 0 0 0 0 0 3 0 0 6 6 0 0 6 3 0 0 6 3 0 0 3 15211 0 14021 0 14021 0 29213 15211 0 29213 0 0 0 0 0 0 0 0 0 0 0 0 0 11 0 0 0 11 0 0 0 14 0 0 0 14 0 0 0 7 0 0 0 7 0 0 0 10 0 0 0 10 0 0 0 0 0 0 0 0 0 0 0 0 0 0 0 0 0 0 0 0 0 0 0 0 0 0 0 0 0 0 0 0 0 0 0 0 0 0 0 0 0 0 0 0 0 0 0 0 
1 1 168 0 175 168 0 175 0 0 0 0 0 3 0 0 6 6 0 0 6 3 0 0 6 3 0 0 3 15211 0 14021 0 14021 0 29213 15211 0 29213 0 0 0 0 0 0 0 0 0 0 0 0 0 11 0 0 0 11 0 0 0 14 0 0 0 14 0 0 0 7 0 0 0 7 0 0 0 10 0 0 0 10 0 0 0 0 0 0 0 0 0 0 0 0 0 0 0 0 0 0 0 0 0 0 0 0 0 0 0 0 0 0 0 0 0 0 0 0 0 0 0 0 0 0 0 0 0 0 0 0 
1 1 168 0 175 168 0 175 0 0 0 0 0 3 0 0 6 6 0 0 6 3 0 0 6 3 0 0 3 15211 0 14021 0 14021 0 29213 15211 0 29213 0 0 0 0 0 0 0 0 0 0 0 0 0 11 0 0 0 11 0 0 0 14 0 0 0 14 0 0 0 7 0 0 0 7 0 0 0 10 0 0 0 10 0 0 0 0 0 0 0 0 0 0 0 0 0 0 0 0 0 0 0 0 0 0 0 0 0 0 0 0 0 0 0 0 0 0 0 0 0 0 0 0 0 0 0 0 0 0 0 0 
1 1 168 0 175 168 0 175 0 0 0 0 0 3 0 0 6 6 0 0 6 3 0 0 6 3 0 0 3 15211 0 14021 0 14021 0 29213 15211 0 29213 0 0 0 0 0 0 0 0 0 0 0 0 0 11 0 0 0 11 0 0 0 14 0 0 0 14 0 0 0 7 0 0 0 7 0 0 0 10 0 0 0 10 0 0 0 0 0 0 0 0 0 0 0 0 0 0 0 0 0 0 0 0 0 0 0 0 0 0 0 0 0 0 0 0 0 0 0 0 0 0 0 0 0 0 0 0 0 0 0 0 
1 1 168 0 175 168 0 175 0 0 0 0 0 3 0 0 6 6 0 0 6 3 0 0 6 3 0 0 3 15211 0 14021 0 14021 0 29213 15211 0 29213 0 0 0 0 0 0 0 0 0 0 0 0 0 11 0 0 0 11 0 0 0 14 0 0 0 14 0 0 0 7 0 0 0 7 0 0 0 10 0 0 0 10 0 0 0 0 0 0 0 0 0 0 0 0 0 0 0 0 0 0 0 0 0 0 0 0 0 0 0 0 0 0 0 0 0 0 0 0 0 0 0 0 0 0 0 0 0 0 0 0 
2 1 168 0 174 167 0 174 0 1 0 2 1 3 0 0 6 6 0 0 6 3 0 0 6 3 0 0 3 15039 0 13856 0 13856 0 28876 15039 0 28876 0 0 0 0 0 0 0 0 0 0 166 0 0 9 173 0 0 9 166 0 0 12 173 0 0 12 166 0 0 5 173 0 0 5 166 0 0 8 173 0 0 8 0 1 1 0 0 0 0 0 0 0 0 0 0 0 0 0 0 1 0 0 0 1 0 0 0 0 1 0 0 0 1 0 2 0 0 0 0 0 0 0 0 0 0 0 0 0 0 0 
1 1 168 0 175 168 0 175 0 0 0 0 0 3 0 0 6 6 0 0 6 3 0 0 6 3 0 0 3 15211 0 14021 0 14021 0 29213 15211 0 29213 0 0 0 0 0 0 0 0 0 0 0 0 0 11 0 0 0 11 0 0 0 14 0 0 0 14 0 0 0 7 0 0 0 7 0 0 0 10 0 0 0 10 0 0 0 0 0 0 0 0 0 0 0 0 0 0 0 0 0 0 0 0 0 0 0 0 0 0 0 0 0 0 0 0 0 0 0 0 0 0 0 0 0 0 0 0 0 0 0 0 
1 1 168 0 175 168 0 175 0 0 0 0 0 3 0 0 6 6 0 0 6 3 0 0 6 3 0 0 3 15211 0 14021 0 14021 0 29213 15211 0 29213 0 0 0 0 0 0 0 0 0 0 0 0 0 11 0 0 0 11 0 0 0 14 0 0 0 14 0 0 0 7 0 0 0 7 0 0 0 10 0 0 0 10 0 0 0 0 0 0 0 0 0 0 0 0 0 0 0 0 0 0 0 0 0 0 0 0 0 0 0 0 0 0 0 0 0 0 0 0 0 0 0 0 0 0 0 0 0 0 0 0 
1 1 168 0 175 168 0 175 0 0 0 0 0 3 0 0 6 6 0 0 6 3 0 0 6 3 0 0 3 15211 0 14021 0 14021 0 29213 15211 0 29213 0 0 0 0 0 0 0 0 0 0 0 0 0 11 0 0 0 11 0 0 0 14 0 0 0 14 0 0 0 7 0 0 0 7 0 0 0 10 0 0 0 10 0 0 0 0 0 0 0 0 0 0 0 0 0 0 0 0 0 0 0 0 0 0 0 0 0 0 0 0 0 0 0 0 0 0 0 0 0 0 0 0 0 0 0 0 0 0 0 0 
1 1 168 0 175 168 0 175 0 0 0 0 0 3 0 0 6 6 0 0 6 3 0 0 6 3 0 0 3 15211 0 14021 0 14021 0 29213 15211 0 29213 0 0 0 0 0 0 0 0 0 0 0 0 0 11 0 0 0 11 0 0 0 14 0 0 0 14 0 0 0 7 0 0 0 7 0 0 0 10 0 0 0 10 0 0 0 0 0 0 0 0 0 0 0 0 0 0 0 0 0 0 0 0 0 0 0 0 0 0 0 0 0 0 0 0 0 0 0 0 0 0 0 0 0 0 0 0 0 0 0 0 
1 0 169 0 0 0 0 175 0 0 0 0 0 3 0 0 0 6 0 0 6 3 0 0 0 0 0 0 0 15211 0 0 0 14189 0 0 0 0 29387 0 0 0 0 0 0 0 0 0 0 0 0 0 0 0 0 0 11 0 0 0 0 0 0 0 14 0 0 0 0 0 0 0 7 0 0 0 0 0 0 0 10 0 0 0 0 0 0 0 0 0 0 0 0 0 0 0 0 0 0 0 0 0 0 0 0 0 0 0 0 0 0 0 0 0 0 0 0 0 0 0 0 0 0 0 0 0 0 0 0 
