0 1
1 121
2 2
3 3
4 4
5 5
6 6
7 7
8 8
9 9
10 10
11 35
12 102
13 11
14 20
15 12
16 42
17 46
18 13
19 14
20 15
21 16
22 17
23 18
24 100
25 19
26 96
27 22
28 23
29 24
30 25
31 26
32 27
33 28
34 29
35 30
36 31
37 32
38 33
39 34
40 36
41 37
42 38
43 39
44 40
45 41
46 43
47 44
48 45
49 47
50 48
51 49
52 50
53 84
54 51
55 52
56 53
57 54
58 55
59 56
60 175
61 57
62 58
63 59
64 60
65 61
66 62
67 63
68 64
69 65
70 66
71 67
72 68
73 69
74 70
75 71
76 72
77 73
78 74
79 75
80 76
81 77
82 78
83 79
84 80
85 81
86 82
87 83
88 151
89 85
90 86
91 87
92 88
93 89
94 90
95 91
96 92
97 93
98 94
99 95
100 97
101 98
102 180
103 99
104 101
105 103
106 104
107 105
108 106
109 107
110 108
111 109
112 110
113 111
114 112
115 113
116 114
117 115
118 116
119 117
120 118
121 119
122 120
123 21
124 122
125 123
126 124
127 125
128 126
129 127
130 128
131 129
132 130
133 131
134 132
135 133
136 134
137 135
138 136
139 137
140 138
141 139
142 140
143 141
144 142
145 143
146 144
147 145
148 146
149 147
150 148
151 149
152 150
153 152
154 153
155 154
156 155
157 156
158 157
159 158
160 159
161 160
162 161
163 162
164 163
165 164
166 165
167 166
168 167
169 168
170 169
171 170
172 171
173 172
174 173
175 174
176 177
177 178
178 179
179 181
180 182
181 183
182 184
183 176
