1 159
2 159
3 131
3 156
5 159
5 161
6 111
8 143
9 159
9 161
10 5
10 156
12 161
13 16
13 143
14 161
15 159
17 143
18 143
18 161
19 93
19 143
19 148
19 161
20 110
20 159
21 156
22 161
24 143
25 93
26 159
28 156
29 161
30 159
31 84
31 111
32 163
33 143
34 159
34 161
35 25
35 161
36 93
36 131
37 111
38 159
38 161
39 111
40 111
41 93
43 159
46 110
46 145
46 161
49 143
49 159
50 161
51 131
53 161
54 110
54 143
54 159
54 161
55 159
56 156
58 143
58 159
59 161
60 35
61 159
62 131
62 156
64 84
64 162
65 161
66 162
67 159
67 161
68 159
68 161
69 159
71 159
72 47
73 131
73 159
74 159
75 131
76 110
76 159
77 159
77 161
78 156
78 159
78 161
78 164
79 84
81 38
81 118
83 110
83 161
84 23
84 48
84 66
84 79
84 159
85 31
85 161
86 159
88 156
89 84
89 159
89 161
90 159
90 161
91 33
91 161
92 159
92 161
93 21
93 110
93 159
94 111
96 143
97 111
98 161
99 161
100 159
101 110
101 131
101 148
101 159
102 143
103 131
103 143
103 156
104 33
105 143
107 37
108 161
109 159
110 16
110 29
110 59
110 66
110 80
110 84
110 115
110 151
110 159
111 4
111 15
111 23
111 24
111 29
111 31
111 39
111 41
111 46
111 48
111 73
111 97
111 102
111 143
111 151
113 159
114 143
114 161
115 143
116 159
117 161
118 61
118 96
118 138
118 139
119 143
120 156
120 159
121 118
121 159
121 161
123 47
124 47
125 159
127 156
128 159
128 161
129 84
129 161
129 163
130 110
131 55
131 77
131 129
131 140
131 159
132 159
132 161
133 137
133 159
133 161
136 143
139 159
140 159
141 143
142 161
143 5
143 8
143 13
143 16
143 17
143 20
143 23
143 27
143 30
143 35
143 40
143 44
143 48
143 49
143 55
143 63
143 82
143 84
143 85
143 87
143 98
143 111
143 118
143 119
143 125
143 126
143 129
143 141
143 155
143 159
143 160
143 161
145 7
145 88
145 159
147 143
147 159
148 3
148 12
148 36
148 99
148 159
149 161
150 143
150 159
150 161
151 111
152 110
152 111
153 33
154 110
154 111
155 159
155 161
156 22
156 28
156 41
156 52
156 56
156 57
156 79
156 143
156 146
157 85
157 143
157 159
159 2
159 5
159 8
159 14
159 17
159 33
159 38
159 40
159 42
159 45
159 47
159 49
159 50
159 53
159 55
159 62
159 65
159 69
159 71
159 76
159 80
159 84
159 86
159 100
159 101
159 105
159 107
159 108
159 110
159 111
159 112
159 113
159 115
159 117
159 118
159 126
159 129
159 130
159 131
159 132
159 133
159 143
159 145
159 147
159 148
159 150
159 153
159 155
159 156
159 158
159 160
159 161
159 163
159 164
160 159
161 1
161 2
161 10
161 22
161 28
161 29
161 33
161 34
161 38
161 39
161 41
161 42
161 43
161 47
161 59
161 67
161 68
161 70
161 74
161 80
161 86
161 93
161 95
161 107
161 115
161 122
161 131
161 135
161 136
161 137
161 142
161 144
161 146
161 147
161 148
161 149
161 158
161 159
161 162
161 164
162 154
162 161
163 97
163 127
163 159
164 122
164 161
