1 54
2 25
2 88
3 9
4 30
5 88
5 94
7 24
7 61
7 64
7 77
7 79
7 88
7 102
7 104
7 120
7 124
7 128
7 129
7 130
7 138
7 139
7 141
7 146
7 147
7 159
7 160
7 164
7 165
8 37
8 88
9 1
9 54
9 76
9 88
9 123
10 16
12 54
14 133
15 133
18 7
21 88
21 92
21 133
22 54
23 54
24 7
26 25
27 76
27 94
27 133
27 139
28 75
30 76
31 54
31 88
32 88
33 8
33 94
34 74
35 96
36 39
37 88
37 94
38 54
38 74
38 88
40 42
41 54
41 66
42 7
43 54
45 48
48 19
48 54
48 60
48 61
48 63
48 76
48 79
48 81
48 88
48 154
48 155
48 157
48 161
49 133
50 54
50 143
51 54
51 94
52 54
52 88
53 54
54 7
54 8
54 9
54 13
54 16
54 22
54 23
54 28
54 30
54 31
54 32
54 36
54 39
54 42
54 48
54 50
54 51
54 53
54 56
54 57
54 58
54 64
54 67
54 68
54 70
54 71
54 72
54 73
54 74
54 75
54 76
54 77
54 78
54 80
54 86
54 88
54 90
54 91
54 92
54 93
54 94
54 95
54 97
54 105
54 107
54 108
54 110
54 112
54 114
54 115
54 131
54 133
54 135
54 136
54 151
54 152
55 54
56 54
57 25
57 104
58 54
58 88
59 92
59 142
60 94
60 147
60 156
61 74
61 88
62 7
64 76
64 88
67 7
68 54
68 133
71 54
71 133
72 54
73 54
74 29
74 54
74 102
74 118
74 138
75 54
76 14
76 29
76 43
76 54
76 62
76 84
76 85
76 86
78 54
80 17
80 76
80 92
82 75
83 7
84 76
85 54
86 54
87 76
87 88
88 8
88 15
88 29
88 31
88 41
88 50
88 54
88 60
88 62
88 69
88 78
88 94
88 106
88 110
88 116
88 118
89 7
90 54
90 144
91 54
92 11
92 19
92 25
92 54
92 75
92 96
92 134
92 157
94 10
94 28
94 39
94 47
94 54
94 70
94 74
94 123
94 132
94 145
95 54
95 88
96 88
96 152
97 7
98 7
100 80
101 50
101 80
104 48
105 54
105 88
106 88
108 69
109 54
109 88
109 153
111 54
111 65
111 133
112 54
112 88
113 127
114 133
114 159
115 54
116 88
117 7
117 133
118 8
118 88
119 54
119 118
120 7
121 133
122 8
122 54
124 7
124 133
125 88
127 88
127 96
128 54
128 74
129 41
131 7
131 133
133 33
133 34
133 54
133 99
133 110
133 111
133 117
136 113
137 90
137 133
138 54
140 90
141 41
141 48
141 60
143 6
144 7
145 94
146 7
146 92
147 88
148 7
149 7
150 54
150 74
152 162
153 48
153 109
158 54
159 1
161 88
162 23
162 41
163 96
163 133
