1 7
3 116
4 7
4 24
4 35
4 88
4 96
4 106
4 116
4 129
6 116
7 4
7 5
7 9
7 10
7 11
7 14
7 16
7 17
7 19
7 21
7 23
7 25
7 26
7 27
7 28
7 29
7 30
7 31
7 32
7 34
7 35
7 36
7 37
7 39
7 40
7 42
7 44
7 45
7 47
7 48
7 49
7 50
7 51
7 53
7 54
7 55
7 57
7 58
7 59
7 60
7 61
7 62
7 63
7 65
7 66
7 67
7 69
7 70
7 72
7 73
7 75
7 76
7 78
7 81
7 82
7 84
7 85
7 86
7 87
7 89
7 90
7 91
7 92
7 94
7 95
7 98
7 99
7 100
7 101
7 102
7 103
7 104
7 105
7 107
7 108
7 109
7 110
7 111
7 112
7 113
7 114
7 115
7 116
7 117
7 119
7 120
7 121
7 123
7 124
7 125
7 126
7 127
7 128
7 129
7 130
7 131
7 132
7 133
7 134
7 135
7 136
7 137
7 138
7 140
7 141
7 143
7 144
7 145
8 7
8 116
9 7
10 7
11 7
11 25
12 4
13 82
14 7
15 7
15 41
17 7
17 116
18 116
19 7
19 116
20 25
21 7
22 20
23 7
24 116
25 7
25 13
25 15
25 32
25 116
25 119
25 128
25 131
25 137
25 142
26 7
26 116
27 7
28 7
29 7
30 7
31 7
32 7
33 50
34 7
35 7
35 25
36 25
37 7
38 50
38 116
38 139
39 7
40 7
40 116
41 7
41 116
42 7
44 7
45 7
46 7
46 116
47 7
47 83
48 7
49 7
50 7
51 7
52 50
53 7
54 7
54 25
55 7
56 7
57 7
58 7
59 7
60 7
61 7
62 7
63 7
63 83
64 116
65 7
65 138
66 7
67 7
67 116
68 7
68 116
69 7
69 25
69 116
70 7
70 25
71 116
72 7
73 7
74 116
75 7
76 7
77 7
78 7
79 116
80 7
80 116
81 7
82 7
82 116
82 122
83 7
83 80
84 7
84 116
85 7
86 7
87 7
88 7
89 7
90 7
91 7
92 7
93 7
94 7
95 25
96 7
96 25
97 79
99 7
100 7
101 7
102 7
103 7
104 7
105 7
106 4
106 7
107 4
107 7
108 7
109 7
110 7
110 25
111 7
112 7
113 7
114 7
114 25
115 7
116 3
116 4
116 6
116 7
116 8
116 18
116 24
116 26
116 37
116 38
116 41
116 46
116 63
116 64
116 65
116 67
116 68
116 74
116 79
116 80
116 83
116 85
116 98
116 115
116 130
117 7
118 7
119 7
120 7
122 2
123 7
124 25
125 7
125 25
126 7
127 7
128 7
129 7
130 7
131 7
132 7
133 7
134 7
135 7
136 7
136 25
137 7
138 25
140 7
141 7
142 4
142 7
143 7
143 25
145 7
