1 153
2 153
3 115
4 130
4 153
5 153
6 112
6 130
6 153
7 153
8 113
8 130
9 153
10 153
11 153
12 153
13 153
14 153
15 153
16 153
17 153
18 112
19 110
20 112
20 153
21 77
23 148
24 109
24 153
27 114
28 148
29 128
30 153
31 153
32 117
32 130
33 1
37 153
37 155
38 129
39 112
40 153
41 137
41 153
42 153
43 117
45 113
45 148
46 153
48 153
49 153
50 153
51 91
53 153
54 130
55 153
56 153
57 91
57 153
58 153
59 113
59 153
60 130
60 153
61 153
62 153
63 153
64 148
65 153
66 153
67 91
67 153
70 153
71 153
72 153
73 153
76 153
77 108
77 111
78 114
78 153
79 153
80 153
81 153
82 130
82 153
83 153
84 112
84 113
85 153
86 153
87 153
88 109
89 130
89 153
90 153
91 44
91 130
91 153
92 153
93 114
93 153
97 113
98 33
98 97
98 127
98 153
99 148
99 153
100 130
101 104
102 128
103 84
103 104
104 153
105 112
105 153
106 153
107 36
107 39
107 64
107 68
107 153
108 129
108 153
109 10
109 25
109 74
109 153
110 21
110 46
110 124
110 153
111 129
112 2
112 27
112 48
112 88
112 108
112 135
112 153
113 5
113 8
113 38
113 153
114 26
114 32
114 54
114 72
114 153
115 3
115 22
115 153
116 153
117 6
117 69
117 74
117 153
118 153
120 144
120 153
121 56
122 110
122 148
123 56
125 25
125 112
125 153
127 1
127 115
128 6
128 47
128 97
128 153
129 130
129 153
130 29
130 31
130 34
130 42
130 49
130 55
130 60
130 64
130 72
130 77
130 92
130 94
130 95
130 96
130 98
130 105
130 108
130 114
130 115
130 116
130 132
130 136
130 151
130 153
131 22
131 153
132 153
133 111
133 130
134 153
135 113
136 153
137 101
137 153
138 28
138 153
139 153
140 153
141 153
142 153
143 153
144 97
144 130
144 153
145 153
146 113
147 89
147 115
147 153
148 2
148 11
148 26
148 41
148 68
148 117
148 118
148 131
148 145
148 153
149 33
149 45
149 153
150 153
151 129
152 153
153 1
153 2
153 7
153 8
153 9
153 11
153 12
153 13
153 14
153 15
153 16
153 17
153 18
153 19
153 23
153 24
153 28
153 35
153 37
153 40
153 55
153 56
153 57
153 58
153 62
153 63
153 65
153 66
153 67
153 69
153 76
153 77
153 79
153 80
153 81
153 82
153 85
153 86
153 87
153 89
153 91
153 94
153 95
153 96
153 98
153 100
153 102
153 105
153 106
153 109
153 110
153 112
153 113
153 114
153 115
153 116
153 117
153 119
153 128
153 130
153 131
153 133
153 137
153 138
153 139
153 140
153 141
153 142
153 144
153 145
153 148
153 149
153 152
153 154
153 155
153 156
153 158
154 153
155 153
156 153
157 153
158 153
