1 3
1 65
1 83
1 95
1 105
1 165
2 84
2 106
2 117
3 165
4 114
5 166
6 117
9 12
9 93
9 117
9 159
9 165
11 159
13 93
13 117
14 117
16 165
17 147
18 1
18 159
19 117
21 117
21 166
23 1
23 117
24 164
25 117
25 159
27 93
29 116
29 135
29 166
30 81
33 164
34 117
34 164
36 166
37 135
38 166
39 117
40 135
40 147
40 166
41 166
42 166
43 1
43 166
44 5
44 166
45 81
46 165
46 166
47 166
48 164
50 165
51 79
51 166
52 135
52 165
53 165
54 117
57 81
57 164
58 117
58 164
58 166
59 166
60 166
61 117
61 164
62 135
63 93
64 81
65 1
66 164
70 38
70 159
71 117
72 8
74 166
75 135
75 164
76 166
77 135
77 166
79 45
79 73
79 89
79 135
79 166
81 8
81 30
81 37
81 71
81 131
81 143
81 166
82 117
83 102
83 117
83 166
84 117
87 166
88 1
89 161
90 117
91 1
91 117
92 117
92 166
93 8
93 15
93 61
93 63
93 68
93 78
93 100
93 145
93 165
93 166
94 166
95 81
96 135
97 79
97 166
99 166
100 1
101 166
102 166
103 166
104 160
105 117
108 1
108 161
110 135
111 165
111 166
113 117
113 166
114 97
114 117
114 156
114 162
114 166
115 147
115 166
116 19
116 26
116 28
116 31
116 43
116 129
116 139
116 155
116 166
117 2
117 6
117 9
117 10
117 21
117 25
117 34
117 57
117 67
117 80
117 84
117 98
117 120
117 134
117 138
117 141
117 146
117 160
117 166
117 169
118 117
118 166
119 117
119 166
120 159
120 164
121 166
122 166
124 55
124 117
124 166
125 117
125 166
126 117
126 166
127 1
127 81
128 135
128 164
130 1
131 58
131 81
132 81
132 164
133 129
133 166
134 117
135 3
135 15
135 17
135 62
135 77
135 83
135 96
135 108
135 121
135 157
135 163
135 166
136 166
137 165
137 166
138 4
138 17
138 142
138 166
139 116
139 166
140 116
141 166
144 117
146 166
147 41
147 61
147 91
147 128
147 165
148 166
149 166
150 166
151 165
151 166
152 117
152 166
153 55
153 166
158 76
159 20
159 40
159 44
159 46
159 56
159 69
159 78
159 90
159 98
159 123
159 152
159 154
159 155
159 166
160 106
160 166
161 166
162 117
163 166
164 41
164 166
165 1
165 14
165 49
165 50
165 66
165 93
165 110
165 137
165 138
165 149
165 166
166 1
166 2
166 5
166 22
166 35
166 36
166 37
166 38
166 40
166 42
166 47
166 48
166 50
166 58
166 59
166 66
166 68
166 72
166 74
166 76
166 79
166 80
166 81
166 86
166 87
166 88
166 92
166 93
166 94
166 97
166 101
166 102
166 103
166 107
166 109
166 111
166 113
166 116
166 117
166 118
166 122
166 123
166 124
166 126
166 133
166 135
166 137
166 138
166 140
166 141
166 146
166 147
166 149
166 150
166 151
166 152
166 153
166 159
166 164
166 165
166 167
166 168
166 169
166 170
166 171
167 166
168 117
168 166
169 117
170 117
171 166
