1 89
2 64
2 88
2 89
2 120
3 89
4 89
5 88
6 89
7 2
7 70
7 88
8 70
8 88
8 145
9 112
10 70
11 89
14 2
15 89
16 87
16 89
18 150
19 89
20 78
22 88
27 146
28 89
29 2
29 70
29 89
29 144
30 89
31 89
32 89
33 89
33 142
35 89
36 89
37 89
38 144
39 144
41 112
41 142
42 2
43 88
44 89
45 2
45 70
45 89
46 88
46 144
48 88
48 89
49 89
49 144
50 89
50 144
55 89
56 88
58 144
59 89
62 89
63 89
64 88
64 144
65 89
66 88
69 89
70 38
70 40
70 43
70 56
70 66
70 83
70 88
70 89
71 6
71 89
72 89
73 88
74 144
75 88
77 89
78 89
79 88
80 144
81 1
81 70
81 78
84 89
86 89
87 89
88 12
88 22
88 29
88 30
88 52
88 55
88 70
88 76
88 83
88 89
88 90
88 102
88 112
88 114
88 117
88 118
88 120
88 138
88 145
88 146
89 1
89 2
89 3
89 4
89 8
89 11
89 13
89 15
89 21
89 24
89 25
89 28
89 32
89 34
89 35
89 36
89 37
89 44
89 45
89 46
89 47
89 50
89 51
89 52
89 53
89 55
89 57
89 59
89 60
89 61
89 62
89 63
89 65
89 68
89 69
89 70
89 71
89 73
89 75
89 77
89 78
89 85
89 86
89 87
89 88
89 90
89 91
89 92
89 93
89 95
89 103
89 110
89 111
89 112
89 113
89 114
89 116
89 119
89 121
89 123
89 125
89 127
89 128
89 129
89 130
89 135
89 136
89 140
89 141
89 142
89 144
89 145
89 150
90 89
91 88
91 93
91 94
92 89
93 89
94 89
94 145
95 89
97 70
97 89
97 142
98 144
99 144
100 89
100 146
101 111
102 88
103 89
106 142
107 1
107 144
108 141
110 17
110 67
110 89
111 89
112 10
112 85
112 88
112 89
112 99
113 89
114 89
115 21
115 23
115 88
115 89
115 117
116 89
118 88
118 89
119 88
121 89
123 88
124 89
125 89
127 67
127 89
127 147
128 88
128 89
129 89
130 70
130 144
131 89
134 89
134 127
134 144
135 16
135 88
135 89
135 107
136 89
136 108
137 127
138 70
138 88
139 89
139 144
140 89
141 31
141 89
142 44
142 51
142 68
142 89
142 99
142 113
142 134
143 88
143 89
144 6
144 19
144 26
144 37
144 46
144 56
144 58
144 74
144 80
144 89
144 98
144 130
144 139
145 36
145 47
145 53
145 72
145 76
145 82
145 84
145 89
145 91
145 97
145 104
145 105
145 106
145 116
145 122
145 126
145 131
145 132
145 133
145 148
145 149
146 18
146 45
146 65
146 89
149 145
150 16
150 89
