2 123
2 139
4 122
5 130
6 130
7 139
10 139
10 140
11 139
12 14
12 15
12 19
12 139
13 139
15 136
16 104
17 96
17 117
19 104
19 130
20 122
20 129
21 117
24 139
26 139
27 96
28 140
29 117
30 139
31 136
33 114
33 130
35 139
36 140
39 130
39 140
40 139
41 140
43 139
44 100
44 130
46 139
47 139
47 140
48 139
49 139
50 74
52 139
53 139
54 100
54 139
55 139
56 135
57 139
59 96
60 100
63 100
64 117
65 139
67 100
69 139
70 139
71 130
72 139
73 96
74 139
75 100
76 98
76 139
77 36
77 139
78 130
79 139
80 101
81 96
83 101
84 65
85 139
85 140
86 19
86 32
87 139
88 140
89 87
90 139
92 86
92 122
93 130
94 139
95 50
95 139
96 18
96 23
96 29
96 32
96 41
96 83
96 93
96 109
96 112
96 123
96 133
96 139
97 139
98 40
98 139
99 2
99 85
99 115
100 5
100 14
100 16
100 17
100 22
100 25
100 30
100 48
100 52
100 59
100 60
100 62
100 71
100 73
100 78
100 91
100 94
100 119
100 121
100 138
100 139
101 139
102 100
103 96
103 136
104 8
104 54
104 55
104 56
104 139
105 100
105 139
106 114
106 139
107 123
107 139
108 139
109 96
111 40
112 96
113 122
113 123
114 139
115 21
115 22
115 23
115 84
115 132
115 137
115 139
116 31
116 139
117 6
117 37
117 38
117 41
117 45
117 50
117 61
117 65
117 76
117 82
117 86
117 90
117 102
117 105
117 108
117 115
117 120
117 126
117 131
117 139
117 141
117 148
118 100
118 139
121 100
121 139
122 3
122 15
122 42
122 71
122 102
122 119
122 139
123 139
124 117
126 117
126 139
127 139
127 140
128 140
129 139
130 3
130 8
130 15
130 38
130 44
130 58
130 59
130 81
130 110
130 139
131 139
132 110
133 86
133 130
134 122
135 14
135 51
135 73
135 99
135 139
136 7
136 30
136 32
136 37
136 47
136 91
136 113
136 120
136 139
137 130
137 140
139 2
139 7
139 9
139 10
139 11
139 12
139 13
139 26
139 34
139 35
139 37
139 38
139 40
139 41
139 42
139 43
139 45
139 46
139 49
139 51
139 53
139 54
139 57
139 62
139 65
139 68
139 69
139 70
139 72
139 74
139 77
139 78
139 79
139 85
139 91
139 92
139 95
139 96
139 97
139 100
139 101
139 104
139 106
139 114
139 116
139 117
139 122
139 123
139 124
139 125
139 126
139 128
139 129
139 130
139 131
139 135
139 136
139 140
139 142
139 143
139 144
139 145
139 146
139 147
139 148
140 28
140 44
140 47
140 72
140 75
140 82
140 88
140 124
140 139
141 100
142 139
143 122
144 139
144 140
145 139
146 123
147 139
