1 132
2 132
3 132
4 132
5 132
6 132
7 132
8 132
9 132
10 132
11 132
12 132
13 132
14 132
15 132
16 132
17 132
18 132
19 132
20 132
21 132
22 132
23 132
24 132
25 132
26 132
27 132
28 132
29 132
30 132
31 103
31 132
32 132
33 132
34 132
35 132
36 132
37 132
38 132
39 132
40 132
41 132
42 132
43 132
44 132
45 132
46 132
47 132
48 132
49 132
50 132
51 132
52 132
53 132
54 132
55 132
56 132
57 132
58 132
59 132
60 132
61 132
62 38
62 132
63 132
64 132
65 132
66 132
67 132
68 132
69 132
70 132
71 132
72 107
72 132
73 132
74 132
75 132
76 132
77 132
78 132
79 132
80 132
81 63
81 80
82 132
83 132
84 132
85 132
86 132
87 132
88 132
89 132
90 132
91 132
92 132
93 132
94 132
95 132
96 132
97 132
98 132
99 132
100 132
101 132
102 132
104 132
105 61
105 127
106 26
106 135
107 132
108 132
109 132
110 132
111 132
112 132
113 132
114 132
115 132
116 132
117 132
118 132
119 132
120 132
121 132
122 132
123 132
124 132
125 132
126 132
127 132
128 132
129 132
130 132
131 132
132 1
132 2
132 3
132 4
132 5
132 6
132 7
132 8
132 9
132 10
132 11
132 12
132 13
132 14
132 15
132 16
132 17
132 18
132 19
132 20
132 21
132 22
132 23
132 24
132 25
132 26
132 27
132 28
132 29
132 30
132 31
132 32
132 33
132 34
132 35
132 36
132 38
132 39
132 40
132 41
132 42
132 43
132 44
132 45
132 46
132 47
132 48
132 49
132 50
132 51
132 52
132 53
132 54
132 55
132 56
132 57
132 58
132 59
132 60
132 61
132 62
132 63
132 64
132 65
132 66
132 67
132 68
132 69
132 70
132 71
132 72
132 73
132 74
132 75
132 76
132 77
132 78
132 79
132 82
132 83
132 84
132 85
132 86
132 87
132 88
132 89
132 90
132 91
132 92
132 93
132 94
132 95
132 96
132 97
132 98
132 99
132 100
132 101
132 102
132 104
132 105
132 107
132 108
132 109
132 110
132 111
132 112
132 113
132 114
132 115
132 116
132 117
132 118
132 119
132 120
132 121
132 122
132 123
132 124
132 125
132 126
132 127
132 128
132 129
132 130
132 131
132 133
132 134
132 135
133 132
134 132
135 132
136 110
136 132
