1 35
1 114
2 68
2 115
3 68
4 52
5 114
7 94
10 52
10 95
11 54
11 94
12 56
12 86
13 37
13 40
14 63
15 68
16 52
17 52
18 67
19 52
20 114
23 94
24 68
24 115
25 67
25 68
28 52
28 68
29 52
29 68
30 68
31 68
33 68
34 95
35 112
36 1
38 44
38 68
39 46
39 68
39 115
40 14
40 68
40 76
40 102
41 114
42 68
43 68
44 68
45 115
46 37
46 112
47 68
48 94
48 114
51 52
51 114
52 8
52 9
52 21
52 22
52 37
52 64
52 88
52 115
53 68
53 115
54 27
54 61
54 68
54 115
56 115
57 115
58 112
59 95
59 115
60 56
61 56
61 95
63 68
65 12
65 68
65 114
65 115
66 68
66 115
67 16
67 25
67 30
67 45
67 49
67 59
67 66
67 70
67 93
67 95
67 102
67 107
67 108
67 115
67 116
67 122
68 1
68 2
68 3
68 10
68 15
68 18
68 21
68 24
68 28
68 33
68 37
68 38
68 39
68 40
68 41
68 43
68 49
68 51
68 52
68 53
68 55
68 57
68 60
68 63
68 67
68 83
68 86
68 88
68 93
68 94
68 97
68 98
68 99
68 100
68 103
68 107
68 108
68 110
68 111
68 113
68 114
68 115
68 117
68 118
68 122
69 68
69 115
70 68
71 115
72 67
72 68
73 52
73 114
74 37
74 40
75 56
75 86
76 86
78 54
78 68
79 68
81 114
81 115
82 67
82 114
83 114
83 115
84 67
84 115
86 48
86 67
86 68
86 90
87 52
87 67
87 114
88 115
92 115
93 67
93 68
93 115
94 23
94 48
94 68
94 73
94 77
94 89
94 91
94 115
95 14
95 68
95 72
95 91
96 68
96 115
97 68
98 68
99 68
99 115
100 68
100 114
101 68
101 115
103 68
103 114
103 115
104 54
104 115
105 68
106 68
107 68
108 68
109 68
110 52
110 68
111 115
112 9
112 16
112 58
112 115
113 68
114 26
114 50
114 62
114 68
114 83
114 88
114 94
114 95
114 98
114 104
114 108
114 111
114 115
114 120
115 1
115 4
115 20
115 24
115 28
115 31
115 33
115 35
115 38
115 39
115 41
115 47
115 52
115 53
115 56
115 59
115 63
115 64
115 65
115 68
115 69
115 70
115 71
115 79
115 80
115 82
115 84
115 85
115 87
115 92
115 95
115 96
115 99
115 101
115 103
115 105
115 106
115 112
115 114
115 116
115 118
116 67
116 115
117 68
117 114
118 68
118 115
119 54
119 105
119 115
120 68
120 115
121 62
121 68
121 94
122 58
122 67
