1 4
2 4
2 6
3 4
4 1
4 2
4 3
4 6
4 7
4 8
4 9
4 10
4 11
4 13
4 14
4 22
4 23
4 24
4 25
4 26
4 27
4 28
4 31
4 32
4 33
4 34
4 35
4 37
4 39
4 40
4 41
4 42
4 43
4 47
4 48
4 49
4 50
4 51
4 53
4 54
4 55
4 56
4 57
4 58
4 59
4 61
4 62
4 63
4 64
4 65
4 66
4 68
4 69
4 70
4 71
4 72
4 73
4 74
4 75
4 76
4 77
4 78
4 79
4 80
4 81
4 82
4 83
4 84
4 85
4 86
4 87
4 88
4 89
4 90
4 97
4 98
4 99
4 100
4 101
4 102
4 103
4 104
4 105
4 106
4 107
4 108
4 110
4 111
4 112
4 113
4 114
4 115
4 116
4 121
4 122
4 123
4 125
4 127
4 128
4 129
4 130
4 131
4 132
4 133
4 139
4 141
4 144
4 147
4 148
4 150
4 151
4 152
4 156
4 158
4 162
4 171
4 172
5 4
5 19
5 36
5 38
5 161
5 173
5 179
6 4
6 21
6 35
6 62
6 87
6 88
6 157
6 158
6 166
6 177
6 178
7 4
7 134
7 154
8 4
9 4
10 4
11 4
13 4
14 4
15 49
15 147
17 4
17 49
18 49
19 78
20 49
21 6
21 49
22 4
23 4
24 4
25 4
26 4
27 4
28 4
29 49
31 4
32 4
33 4
34 4
35 4
37 4
39 4
40 4
41 4
42 4
43 4
44 4
45 5
45 7
46 49
47 4
47 181
48 4
49 4
49 13
49 15
49 16
49 17
49 18
49 20
49 29
49 41
49 45
49 46
49 47
49 59
49 67
49 68
49 74
49 82
49 86
49 91
49 92
49 94
49 101
49 110
49 112
49 113
49 117
49 118
49 120
49 122
49 126
49 127
49 132
49 135
49 137
49 138
49 140
49 150
49 154
49 155
49 157
49 159
49 161
49 162
49 163
49 164
49 165
49 166
49 167
49 168
49 169
49 170
49 172
49 175
49 176
49 179
49 180
49 182
49 183
50 4
51 4
52 4
53 4
53 120
54 4
54 19
54 136
55 4
55 12
55 155
56 4
57 4
58 4
59 4
60 79
61 4
62 4
63 4
64 4
65 4
66 4
67 4
67 49
68 4
68 49
69 4
69 49
70 4
70 175
71 4
72 4
73 4
74 4
75 4
76 4
77 4
78 4
79 4
80 4
81 4
82 4
83 4
84 4
84 6
85 4
86 49
87 4
88 4
89 49
90 4
90 147
91 5
91 49
92 131
95 5
95 49
96 1
98 4
99 4
100 4
100 7
101 4
101 49
102 4
103 4
104 4
105 4
106 4
107 4
108 4
110 4
110 6
111 4
112 4
113 4
114 4
115 4
116 4
117 131
118 49
119 118
121 131
122 4
122 49
123 4
124 55
124 65
125 4
126 4
127 4
128 4
129 4
131 4
131 118
132 4
133 4
135 7
136 4
136 79
137 7
137 147
138 4
138 6
138 49
139 4
140 7
141 4
142 4
143 4
143 49
144 4
144 49
145 65
146 79
147 4
147 94
147 95
147 122
147 149
147 163
147 165
147 170
148 4
149 4
150 4
151 4
152 4
153 4
153 49
155 147
156 4
157 6
157 49
158 4
159 7
159 49
160 5
160 49
160 147
162 4
163 49
164 131
165 49
167 49
167 131
167 147
168 8
169 7
169 42
172 4
172 49
174 49
174 147
175 70
177 8
177 79
178 49
179 49
179 147
180 49
183 49
