1 11
1 83
2 11
3 11
4 11
5 10
6 11
6 18
6 53
6 57
6 58
7 11
7 59
7 64
7 72
8 10
8 11
8 42
9 10
9 11
9 82
10 7
10 11
10 12
10 30
10 32
10 41
10 43
10 49
10 58
10 60
10 61
10 63
10 76
10 79
10 81
10 86
10 89
10 90
10 93
10 95
10 100
10 107
10 112
11 2
11 3
11 6
11 9
11 10
11 13
11 20
11 22
11 31
11 33
11 34
11 35
11 38
11 39
11 40
11 44
11 47
11 50
11 53
11 55
11 59
11 66
11 71
11 73
11 74
11 75
11 76
11 80
11 88
11 89
11 91
11 92
11 98
11 99
11 101
11 102
11 106
11 107
12 10
12 30
13 11
13 110
15 38
17 6
17 10
17 32
17 59
18 58
19 30
20 11
21 9
21 10
22 11
22 46
23 10
23 11
24 32
25 6
26 18
26 94
26 112
27 11
29 11
29 40
30 5
30 11
30 14
30 43
30 63
30 64
30 69
30 84
30 95
31 11
31 19
32 8
32 11
32 17
32 21
32 24
32 25
32 28
32 37
32 60
32 79
32 80
32 85
32 97
33 11
34 11
35 10
35 11
36 11
37 11
37 32
38 11
39 11
39 52
39 54
39 57
40 11
40 44
41 11
41 32
41 42
41 59
43 10
44 11
45 11
47 75
48 10
49 32
50 10
50 11
51 30
52 11
53 10
54 10
55 11
57 59
58 15
58 25
58 37
58 109
59 11
59 22
59 68
59 94
62 7
62 11
63 30
65 10
66 11
66 75
68 11
69 61
70 11
71 11
72 58
73 11
74 11
74 67
75 11
75 16
76 11
77 11
77 32
78 74
78 75
79 10
80 32
82 10
83 6
83 10
84 107
85 11
85 32
86 10
87 30
88 11
88 46
90 26
91 11
93 11
94 10
95 10
96 32
96 59
98 11
99 10
101 10
101 11
102 11
102 19
102 42
102 105
103 10
104 22
105 10
105 32
106 11
106 75
107 10
108 10
110 10
111 21
112 32
112 59
