1 3
1 5
1 6
1 7
1 9
1 12
1 17
1 20
1 29
1 39
1 40
1 45
1 46
1 54
1 59
1 68
1 69
1 84
1 85
1 86
1 90
1 95
1 96
1 119
1 129
1 134
1 154
1 155
1 157
1 160
1 167
1 168
2 3
3 1
3 2
3 5
3 6
3 7
3 8
3 9
3 10
3 11
3 12
3 14
3 16
3 17
3 18
3 19
3 20
3 21
3 22
3 24
3 25
3 26
3 27
3 28
3 29
3 30
3 31
3 32
3 33
3 34
3 35
3 36
3 38
3 39
3 40
3 41
3 42
3 43
3 44
3 45
3 46
3 47
3 48
3 49
3 50
3 51
3 52
3 53
3 54
3 55
3 56
3 57
3 58
3 60
3 62
3 63
3 64
3 65
3 66
3 67
3 68
3 69
3 70
3 71
3 72
3 73
3 74
3 75
3 76
3 77
3 78
3 79
3 80
3 81
3 82
3 83
3 85
3 87
3 88
3 89
3 91
3 93
3 94
3 96
3 97
3 98
3 99
3 100
3 101
3 102
3 103
3 104
3 105
3 106
3 107
3 108
3 109
3 110
3 111
3 112
3 113
3 115
3 116
3 117
3 118
3 119
3 120
3 121
3 122
3 123
3 124
3 125
3 126
3 127
3 128
3 129
3 130
3 131
3 132
3 133
3 134
3 135
3 136
3 137
3 138
3 139
3 140
3 141
3 143
3 144
3 145
3 146
3 147
3 148
3 149
3 150
3 151
3 153
3 154
3 155
3 156
3 157
3 158
3 159
3 160
3 161
3 162
3 163
3 165
3 166
3 167
3 168
3 169
3 170
3 171
3 172
5 3
5 19
5 37
5 161
7 3
8 3
9 3
10 3
11 3
12 3
13 3
13 68
14 3
15 3
16 3
17 3
18 3
19 3
20 3
21 3
22 1
22 3
23 3
23 26
24 1
24 3
25 1
25 3
26 3
27 1
27 3
29 1
30 3
31 3
32 3
33 3
34 3
35 1
35 3
36 1
37 3
38 3
39 1
39 3
40 3
41 3
42 3
43 3
44 3
45 3
46 3
47 5
48 3
49 3
50 3
51 3
52 3
53 1
53 3
54 3
56 3
57 3
58 3
59 1
60 3
61 68
62 3
63 3
64 3
65 3
66 3
67 3
68 3
69 3
70 3
71 3
72 3
73 3
74 3
75 3
76 3
77 3
78 3
79 3
80 3
81 3
82 3
83 3
84 3
84 164
85 3
86 1
86 3
87 3
88 3
91 3
92 3
93 3
94 3
96 3
97 1
97 3
98 3
99 3
100 3
100 74
101 3
102 3
103 3
104 3
105 3
106 3
107 3
108 3
109 3
110 3
111 3
112 3
113 3
114 3
114 115
115 3
116 3
117 1
117 3
117 95
117 125
118 3
119 3
121 1
121 3
122 3
123 3
124 3
126 3
126 84
127 3
128 1
128 3
129 3
130 3
131 3
131 5
132 1
132 3
132 91
132 94
132 115
132 122
132 136
133 3
134 1
134 3
135 3
136 1
137 3
138 3
139 3
140 3
141 3
142 3
143 3
144 3
145 3
146 3
147 3
148 3
149 3
149 5
150 3
151 3
152 1
152 3
152 68
153 3
154 1
154 3
155 3
156 3
157 3
158 3
159 3
160 3
160 5
161 3
162 3
163 1
163 3
165 3
165 132
166 3
168 3
169 3
170 3
171 3
172 3
