1 3
1 9
1 31
2 8
2 31
3 8
4 31
5 9
5 31
6 8
7 8
7 31
7 40
8 2
8 3
8 6
8 7
8 9
8 12
8 15
8 20
8 23
8 25
8 26
8 30
8 31
8 41
8 42
8 44
8 52
8 55
8 59
8 60
8 68
8 71
8 72
8 76
8 81
8 87
8 94
8 98
8 100
8 107
8 110
8 113
8 115
8 116
8 117
8 120
8 122
9 8
9 29
9 48
9 52
9 53
9 68
10 8
10 14
10 28
10 30
10 40
10 69
11 8
11 31
11 69
11 112
11 122
12 31
12 107
13 31
14 8
16 55
17 8
17 49
18 8
18 31
18 105
19 8
20 31
21 10
21 60
22 31
23 8
24 31
25 8
26 8
27 31
28 12
29 12
31 2
31 3
31 5
31 7
31 8
31 11
31 13
31 14
31 15
31 18
31 19
31 20
31 22
31 24
31 27
31 32
31 34
31 35
31 39
31 40
31 42
31 43
31 45
31 46
31 47
31 48
31 51
31 53
31 54
31 55
31 56
31 59
31 60
31 62
31 63
31 64
31 66
31 67
31 68
31 69
31 70
31 71
31 73
31 75
31 78
31 79
31 80
31 82
31 84
31 86
31 88
31 89
31 90
31 91
31 92
31 93
31 94
31 95
31 100
31 101
31 102
31 107
31 108
31 110
31 111
31 112
31 113
31 118
31 119
31 121
31 122
31 123
31 124
32 12
33 31
34 31
35 8
35 31
36 11
39 31
40 31
41 8
42 8
42 57
43 8
44 8
46 31
47 31
48 8
48 31
49 8
49 31
49 32
49 104
49 124
50 12
50 31
51 8
51 31
52 8
52 9
52 37
52 85
53 8
53 85
54 31
55 8
56 8
56 31
58 31
59 8
59 31
61 31
62 31
63 8
63 31
64 31
65 31
66 8
66 11
67 9
67 31
69 9
69 31
70 9
70 31
71 8
72 31
73 31
74 9
74 81
75 8
75 60
76 8
77 8
77 31
78 31
79 8
79 31
80 8
80 31
81 8
81 31
81 97
82 8
82 31
83 8
86 31
87 8
87 9
88 120
89 8
90 93
91 8
91 49
92 8
92 31
93 9
94 8
94 31
95 8
95 31
96 9
96 95
97 31
97 49
98 62
99 81
100 8
100 31
101 8
101 31
102 42
103 49
103 100
104 11
104 110
106 8
106 31
108 8
108 31
109 8
109 31
110 31
110 60
110 105
111 10
111 49
113 8
113 31
114 9
115 9
115 31
116 9
116 12
117 8
118 31
120 8
120 106
120 110
120 117
120 119
121 31
122 8
122 31
123 31
124 31
