1 132
1 162
2 4
3 4
3 142
4 1
4 3
4 5
4 7
4 8
4 9
4 11
4 12
4 20
4 21
4 24
4 25
4 27
4 28
4 29
4 32
4 35
4 37
4 38
4 42
4 43
4 45
4 47
4 48
4 50
4 51
4 53
4 54
4 63
4 64
4 65
4 66
4 68
4 69
4 70
4 71
4 76
4 79
4 82
4 85
4 87
4 88
4 89
4 91
4 92
4 102
4 104
4 107
4 109
4 110
4 113
4 114
4 115
4 116
4 131
4 132
4 151
4 156
5 4
6 17
6 39
6 57
6 78
6 80
6 94
6 97
6 98
6 118
6 119
6 122
6 123
6 125
6 132
6 141
6 142
6 144
6 153
6 155
7 4
8 4
9 4
9 14
9 50
9 81
9 124
10 132
11 70
11 132
12 4
12 132
13 32
13 84
14 9
16 6
16 43
17 6
18 71
19 6
20 4
21 4
22 1
22 52
23 4
25 4
27 4
28 4
30 132
32 4
32 136
32 146
32 153
33 4
33 9
34 33
35 4
35 71
37 4
38 132
39 71
40 43
41 6
42 4
43 4
43 41
43 56
43 59
43 120
43 157
43 158
44 4
44 150
45 84
45 132
46 84
46 132
47 4
48 4
49 84
50 4
50 5
50 6
50 9
50 29
50 31
50 46
50 84
50 124
51 4
51 132
52 4
53 4
53 50
55 4
55 132
56 4
57 71
58 6
60 6
60 68
60 71
62 132
63 132
64 6
64 132
65 4
66 4
67 84
68 4
68 17
68 61
68 83
68 98
68 155
69 4
69 121
70 4
70 79
70 115
70 133
71 4
71 10
71 19
71 39
71 41
71 58
71 62
71 77
71 83
71 98
71 99
71 100
71 117
71 122
71 126
71 133
71 137
71 140
72 132
73 4
73 132
73 154
74 4
74 70
75 4
76 132
77 68
77 71
78 6
79 4
79 70
80 6
81 132
82 4
82 84
84 4
84 9
84 10
84 17
84 23
84 24
84 29
84 65
84 75
84 88
85 4
85 50
86 6
87 4
87 20
88 4
88 84
89 4
89 69
90 4
90 153
90 159
91 4
91 156
92 132
93 6
93 163
94 6
94 84
95 6
96 6
97 6
98 71
99 4
101 4
102 4
102 50
102 84
103 132
104 4
104 84
105 73
106 6
107 4
108 132
109 4
111 132
112 115
113 4
114 132
115 4
115 84
116 4
118 6
118 70
119 43
119 68
120 132
121 69
124 43
125 132
126 6
128 132
129 45
130 6
130 73
131 132
132 4
132 9
132 25
132 30
132 33
132 36
132 37
132 38
132 41
132 42
132 54
132 64
132 72
132 75
132 82
132 91
132 92
132 93
132 103
132 104
132 108
132 109
132 120
132 122
132 127
132 131
132 139
134 6
135 50
135 132
136 6
136 68
137 6
138 88
138 139
139 132
140 6
140 68
141 70
142 6
143 4
143 84
144 84
145 104
146 6
147 6
148 6
149 6
149 84
149 132
150 3
151 6
152 6
152 9
152 43
152 70
154 6
154 37
156 70
156 132
157 71
159 4
159 73
161 32
161 59
162 12
164 6
164 71
165 6
