1 136
2 136
4 125
4 136
5 136
6 136
7 136
8 136
9 136
10 136
11 136
12 136
13 136
14 136
15 136
16 136
16 137
17 136
18 136
19 136
20 125
20 137
21 136
22 136
23 125
24 136
25 136
25 137
26 136
27 136
28 136
29 125
29 136
30 136
31 136
32 136
33 136
34 136
35 136
36 136
40 136
41 137
42 136
43 136
44 136
45 136
46 136
47 136
48 136
49 136
50 125
50 136
51 136
52 136
53 136
55 136
56 136
57 136
58 136
59 136
60 136
61 136
62 85
62 136
63 136
64 136
65 136
66 136
67 136
68 136
69 136
70 136
71 136
72 136
73 136
73 137
74 136
75 136
76 136
77 136
78 136
79 136
80 136
81 136
82 136
83 85
83 136
84 136
85 136
86 136
88 136
89 136
90 136
91 136
92 136
93 136
94 136
95 136
96 136
97 136
98 136
99 136
100 136
101 136
102 136
103 136
104 136
105 136
106 136
107 136
108 136
109 125
110 136
112 136
113 136
114 136
115 136
116 136
117 136
118 136
119 136
120 136
121 136
122 136
123 136
124 136
125 3
125 15
125 22
125 23
125 24
125 55
125 136
125 142
126 136
127 136
128 136
128 137
129 136
130 136
131 136
132 136
133 136
134 136
135 125
135 136
136 1
136 2
136 4
136 6
136 7
136 8
136 9
136 10
136 11
136 12
136 13
136 14
136 15
136 18
136 19
136 21
136 22
136 24
136 26
136 27
136 28
136 29
136 30
136 31
136 32
136 33
136 34
136 35
136 36
136 38
136 39
136 40
136 41
136 42
136 43
136 44
136 45
136 46
136 47
136 48
136 49
136 50
136 51
136 52
136 53
136 54
136 55
136 56
136 57
136 58
136 59
136 60
136 61
136 62
136 63
136 64
136 65
136 66
136 68
136 69
136 70
136 71
136 72
136 73
136 74
136 75
136 76
136 77
136 78
136 79
136 80
136 81
136 84
136 85
136 86
136 87
136 88
136 89
136 90
136 91
136 92
136 93
136 94
136 95
136 96
136 97
136 98
136 99
136 100
136 101
136 102
136 103
136 104
136 105
136 106
136 107
136 108
136 109
136 110
136 111
136 113
136 114
136 115
136 116
136 117
136 118
136 119
136 121
136 123
136 124
136 125
136 126
136 127
136 128
136 129
136 130
136 131
136 132
136 133
136 134
136 135
136 137
136 139
137 16
137 37
137 38
137 39
137 40
137 107
137 112
137 136
137 139
137 140
138 136
139 136
141 125
