1 3
1 7
2 7
2 26
3 7
3 36
3 72
3 80
3 92
3 106
3 131
4 7
5 7
5 61
6 7
6 62
6 103
7 2
7 3
7 4
7 5
7 6
7 9
7 10
7 11
7 12
7 13
7 15
7 16
7 17
7 19
7 20
7 21
7 23
7 24
7 26
7 27
7 28
7 30
7 31
7 33
7 34
7 38
7 39
7 42
7 43
7 45
7 46
7 47
7 49
7 52
7 53
7 56
7 57
7 58
7 59
7 64
7 65
7 66
7 67
7 68
7 69
7 70
7 71
7 73
7 75
7 76
7 78
7 79
7 80
7 81
7 82
7 83
7 87
7 92
7 93
7 94
7 99
7 100
7 105
7 107
7 109
7 111
7 113
7 116
7 117
7 119
7 122
7 123
7 124
7 126
7 127
7 129
7 132
8 9
9 3
9 5
9 7
9 25
9 26
9 30
9 41
9 50
9 101
9 108
9 120
10 7
10 11
10 22
10 26
10 30
10 40
10 42
10 44
10 48
10 54
10 63
10 65
10 86
10 88
10 89
10 95
10 101
10 104
10 127
10 130
11 10
12 7
12 93
12 112
12 120
12 123
13 10
14 7
14 12
14 110
15 7
17 33
18 7
19 7
20 7
20 109
21 7
23 7
24 7
24 10
25 12
26 85
26 99
27 7
28 7
29 26
29 65
31 10
31 12
32 12
33 7
34 7
35 10
36 7
37 7
38 7
39 7
40 10
40 12
41 7
42 10
43 7
44 10
46 7
47 7
49 7
50 10
51 10
52 7
53 7
55 7
55 26
56 7
56 10
56 61
57 7
57 10
58 7
59 7
59 10
60 7
63 10
63 132
65 71
66 7
67 7
68 7
69 7
70 7
71 7
72 3
72 65
73 134
74 7
75 7
76 7
76 108
77 10
78 7
79 7
81 7
82 10
82 84
83 7
85 26
86 10
86 63
87 7
88 112
89 10
90 63
91 92
91 134
92 7
93 7
94 7
96 7
96 10
97 96
98 7
99 10
99 12
100 7
102 44
103 11
104 7
104 10
105 10
106 7
107 7
108 28
109 44
111 7
111 10
113 7
114 7
115 10
117 7
118 10
119 7
120 9
121 10
121 12
122 7
123 7
123 116
126 7
127 7
128 3
128 9
129 7
129 10
129 125
130 10
131 9
132 7
132 12
133 10
135 118
