1 79
2 79
3 97
3 104
3 144
3 166
4 7
4 79
4 89
4 129
5 26
5 35
5 86
5 89
5 97
5 108
5 131
5 144
5 145
5 154
6 7
6 29
6 42
6 123
7 6
7 8
7 15
7 28
7 30
7 38
7 51
7 55
7 65
7 71
7 74
7 76
7 78
7 79
7 92
7 95
7 97
7 100
7 112
7 117
7 119
7 123
7 127
7 135
9 14
9 17
9 79
9 84
10 97
11 79
12 91
13 71
13 95
13 112
14 38
15 7
15 135
16 97
17 19
18 3
18 97
19 79
20 79
21 5
21 95
22 78
23 1
23 114
24 78
24 97
26 79
27 7
27 79
28 7
28 92
29 97
29 152
29 155
29 160
30 97
32 79
34 38
34 79
35 38
36 79
37 5
37 79
38 14
38 33
38 34
38 37
38 59
38 60
38 69
38 79
38 90
38 102
38 104
38 109
38 134
38 140
38 146
38 156
38 157
38 159
38 162
39 97
42 79
43 79
44 97
45 79
46 79
47 97
48 7
48 79
49 7
50 97
51 7
51 97
53 76
54 76
55 7
55 97
55 160
56 79
57 79
57 92
58 112
59 79
60 7
61 79
62 79
62 92
63 79
63 92
64 3
64 79
65 113
66 77
66 92
67 92
67 136
68 113
69 112
70 79
72 79
73 97
74 79
75 97
76 97
76 98
76 153
76 163
77 79
78 7
78 10
78 35
78 43
78 79
78 86
78 97
78 148
79 1
79 4
79 5
79 7
79 9
79 17
79 19
79 20
79 28
79 32
79 36
79 43
79 44
79 45
79 46
79 50
79 52
79 56
79 57
79 58
79 60
79 62
79 64
79 70
79 72
79 73
79 74
79 77
79 80
79 81
79 83
79 91
79 94
79 99
79 101
79 102
79 107
79 111
79 113
79 114
79 116
79 118
79 128
79 142
79 143
79 147
79 149
80 7
80 68
80 79
81 79
82 79
83 7
84 92
85 5
86 79
86 95
89 79
90 38
90 79
91 79
92 3
92 7
92 9
92 27
92 30
92 51
92 59
92 60
92 71
92 83
92 87
92 95
92 101
92 109
92 113
92 118
92 133
92 156
94 79
95 7
95 22
95 65
95 166
96 97
96 165
97 1
97 3
97 6
97 7
97 8
97 10
97 11
97 19
97 24
97 30
97 38
97 47
97 49
97 51
97 61
97 71
97 73
97 75
97 76
97 83
97 85
97 88
97 96
97 115
97 119
97 122
97 127
97 131
97 139
97 153
98 7
98 97
99 79
99 92
99 161
100 7
100 97
101 79
101 92
102 79
102 92
103 112
105 79
106 57
106 97
107 95
108 5
109 3
109 79
110 7
110 92
111 79
112 7
112 21
112 103
112 129
112 133
113 79
113 143
114 7
114 33
114 41
114 111
115 97
116 79
117 7
117 40
117 85
117 126
117 138
118 79
119 97
120 100
121 92
121 97
121 162
123 79
123 95
123 97
124 92
125 7
125 79
126 96
128 79
129 5
129 114
130 3
130 71
131 79
132 78
133 112
133 114
134 3
134 112
135 7
135 33
135 93
135 143
135 165
136 112
136 114
137 135
139 97
139 117
140 4
140 38
140 112
141 7
141 97
142 79
142 92
142 97
144 78
144 95
144 113
146 38
147 5
148 79
149 19
150 97
150 135
151 5
151 97
152 81
153 97
154 7
154 114
155 7
155 97
157 5
158 5
159 79
160 79
161 100
161 115
162 79
162 81
162 113
163 79
165 5
