2 27
4 35
4 59
4 64
5 27
6 28
7 49
9 27
11 60
13 27
15 61
16 36
16 61
17 60
18 27
19 28
20 61
21 27
22 27
22 63
25 28
25 61
26 27
27 1
27 5
27 10
27 18
27 19
27 29
27 33
27 34
27 36
27 42
27 50
27 54
27 56
27 59
27 60
27 61
27 63
28 5
28 9
28 27
28 29
28 44
28 53
31 21
31 61
32 61
33 27
34 61
35 4
35 59
36 11
36 59
37 27
37 59
37 60
38 21
38 59
39 18
39 61
40 59
41 3
41 27
41 59
42 59
43 59
44 61
45 27
45 32
45 59
46 28
46 59
46 60
47 59
47 60
48 59
48 60
49 27
49 59
50 60
51 27
51 61
53 36
53 60
54 61
55 28
55 36
56 28
57 61
58 27
58 38
59 1
59 6
59 9
59 10
59 12
59 14
59 18
59 27
59 28
59 40
59 41
59 43
59 45
59 48
59 49
59 52
59 60
59 62
59 64
60 6
60 21
60 23
60 27
60 28
60 59
61 12
61 17
61 20
61 26
61 27
61 32
61 44
61 54
62 27
62 30
62 59
64 59
