2 15
2 38
3 11
3 43
4 41
5 38
6 75
7 2
7 79
11 38
12 8
12 10
12 38
13 14
13 16
14 20
14 24
14 26
14 28
14 30
14 38
14 56
14 57
14 66
14 78
15 1
15 5
15 26
15 29
15 33
15 38
15 68
16 46
17 74
18 47
19 15
19 38
19 61
20 33
20 39
21 13
21 31
21 38
21 59
21 70
22 21
23 11
23 38
23 39
23 70
24 14
25 20
25 38
26 7
26 17
27 14
28 27
29 34
29 37
30 14
30 19
31 59
35 45
35 70
36 15
37 31
37 38
37 41
38 1
38 2
38 9
38 12
38 14
38 15
38 21
38 23
38 27
38 28
38 33
38 36
38 37
38 40
38 41
38 42
38 43
38 45
38 46
38 50
38 55
38 56
38 60
38 68
38 69
38 71
38 72
38 73
38 74
38 75
38 76
38 77
38 80
39 38
40 14
40 38
41 4
41 35
41 38
41 47
42 38
43 11
43 15
43 34
43 38
44 26
45 38
46 15
46 38
47 14
47 32
49 31
51 75
52 22
52 35
52 63
53 38
54 38
55 38
56 14
56 35
59 21
59 55
59 63
61 38
62 65
63 56
63 59
64 9
64 59
65 59
66 10
66 15
66 38
68 38
69 38
70 23
70 38
71 14
72 7
72 38
72 43
72 59
73 23
73 37
73 59
74 38
75 6
75 34
75 38
75 39
75 44
76 38
76 69
77 38
78 33
78 38
79 7
79 16
79 38
79 57
80 38
