1 47
3 5
3 11
3 47
4 26
4 47
5 47
6 27
7 47
7 91
8 11
8 47
9 11
9 133
10 47
11 1
11 3
11 6
11 8
11 9
11 10
11 13
11 15
11 17
11 18
11 20
11 22
11 25
11 27
11 28
11 29
11 30
11 35
11 37
11 41
11 43
11 44
11 45
11 47
11 48
11 49
11 50
11 51
11 52
11 53
11 54
11 58
11 59
11 60
11 61
11 62
11 68
11 75
11 77
11 81
11 82
11 83
11 84
11 89
11 91
11 92
11 93
11 95
11 102
11 106
11 108
11 110
11 112
11 115
11 116
11 121
11 122
11 125
11 127
11 131
12 11
12 47
12 101
13 47
13 78
14 8
15 47
18 11
19 12
19 44
19 52
20 47
21 27
21 47
22 47
23 47
24 31
24 34
24 35
24 36
24 47
25 11
25 47
26 47
27 6
27 22
27 33
27 47
27 49
27 51
27 57
27 68
27 69
27 70
27 85
27 87
27 90
27 91
27 104
27 119
27 124
27 127
27 129
28 11
29 47
30 11
32 11
32 27
33 11
34 47
38 47
38 48
39 19
39 47
40 27
40 47
41 47
42 47
44 47
45 47
46 47
46 132
47 1
47 2
47 4
47 5
47 7
47 8
47 9
47 11
47 14
47 15
47 16
47 17
47 20
47 22
47 23
47 24
47 26
47 27
47 29
47 38
47 39
47 41
47 42
47 44
47 46
47 48
47 49
47 51
47 53
47 54
47 56
47 58
47 59
47 60
47 61
47 68
47 72
47 73
47 75
47 76
47 82
47 86
47 88
47 92
47 93
47 94
47 95
47 96
47 111
47 113
47 114
47 120
47 122
47 123
47 125
47 128
47 130
47 131
48 47
49 27
50 47
52 47
52 67
53 27
53 47
54 47
55 27
55 47
56 47
57 27
58 47
59 47
60 11
60 47
62 11
62 27
63 47
64 27
64 47
66 11
66 114
68 47
70 47
71 47
72 47
73 27
74 52
75 47
76 47
77 11
78 39
78 61
79 45
80 12
81 11
81 47
82 47
83 11
83 27
84 11
85 27
85 47
86 47
87 11
88 47
89 11
89 47
90 8
90 26
91 27
92 11
93 11
93 47
94 47
95 47
96 47
97 11
98 12
99 9
99 11
99 27
100 11
101 114
102 47
103 27
105 27
106 11
106 123
106 126
106 128
108 11
108 47
111 47
111 114
112 11
112 47
113 47
113 114
114 47
114 80
114 84
114 93
114 105
114 107
114 108
115 47
116 11
116 47
117 11
118 11
118 47
119 10
119 11
119 27
120 11
121 11
122 47
125 11
127 11
127 27
128 47
129 27
129 47
131 47
132 12
132 23
133 27
