1 14
1 130
2 16
2 66
2 130
2 144
2 165
3 130
4 130
5 130
6 149
7 130
8 15
8 66
8 79
8 80
8 84
8 85
8 120
8 123
8 128
8 130
8 135
8 138
8 141
8 146
8 148
8 153
8 157
8 163
9 130
10 8
10 92
11 46
11 130
12 130
13 8
15 30
16 20
18 8
19 130
20 16
20 130
21 130
22 130
23 92
23 130
24 130
25 130
25 139
25 162
25 166
26 130
27 130
28 130
29 130
30 130
30 156
31 130
32 130
33 130
34 8
35 8
36 92
37 130
38 53
38 55
38 56
38 130
38 154
38 155
39 130
40 130
41 130
42 130
43 130
43 151
44 130
44 152
45 130
46 130
47 130
48 92
49 130
50 130
51 2
51 130
52 130
53 130
54 130
57 130
58 92
59 8
60 8
61 8
61 130
62 130
63 130
64 130
65 130
66 2
66 6
67 62
67 130
68 130
69 130
71 130
72 130
73 130
74 130
75 130
76 15
76 130
77 8
77 130
78 130
79 8
80 8
81 92
81 130
82 130
83 130
84 92
84 130
85 8
85 92
86 90
86 92
87 88
88 106
88 130
89 130
90 9
90 92
90 130
91 130
92 68
92 70
92 83
92 121
92 126
92 130
92 137
92 148
93 130
94 130
95 130
96 8
97 130
98 130
99 8
99 92
100 130
101 8
102 130
103 92
103 106
104 88
105 88
106 92
107 130
109 89
109 130
110 130
111 92
111 130
112 130
113 130
114 130
115 130
117 8
117 129
118 8
119 92
120 8
122 130
123 8
123 130
124 8
125 88
126 8
127 74
128 130
129 130
130 1
130 2
130 4
130 5
130 6
130 7
130 8
130 9
130 10
130 12
130 14
130 19
130 20
130 21
130 22
130 24
130 25
130 26
130 27
130 28
130 29
130 30
130 31
130 32
130 33
130 37
130 38
130 39
130 40
130 41
130 43
130 44
130 45
130 46
130 47
130 49
130 50
130 52
130 54
130 57
130 58
130 61
130 62
130 63
130 64
130 66
130 67
130 68
130 69
130 70
130 71
130 72
130 73
130 74
130 75
130 76
130 77
130 78
130 81
130 82
130 83
130 87
130 88
130 89
130 90
130 91
130 92
130 93
130 94
130 95
130 97
130 98
130 100
130 101
130 102
130 107
130 109
130 110
130 111
130 112
130 113
130 115
130 116
130 121
130 122
130 124
130 129
130 131
130 132
130 134
130 137
130 138
130 140
130 150
130 154
130 157
130 163
131 130
132 8
133 130
135 25
136 130
137 130
138 8
138 92
139 2
139 92
140 8
141 25
142 8
143 1
143 2
143 8
143 130
145 92
145 129
146 8
146 25
146 130
147 8
149 130
152 130
153 8
154 130
155 130
156 8
156 37
156 129
159 130
160 8
161 114
163 8
165 130
166 8
166 109
