1 24
1 122
2 122
3 16
3 26
3 27
3 77
3 122
4 57
4 80
4 81
4 91
4 93
4 99
4 117
4 122
4 127
4 132
4 149
4 153
5 122
6 12
6 38
6 75
6 95
6 102
6 122
6 126
6 135
6 136
6 140
6 149
6 156
7 38
7 69
7 102
7 113
7 122
7 142
7 156
8 32
8 77
8 122
9 122
10 122
11 88
11 105
12 107
13 3
13 32
13 68
14 55
15 122
16 88
17 122
18 4
18 42
19 122
20 112
20 122
21 122
22 122
23 24
24 3
25 122
26 24
26 48
27 3
27 14
27 122
28 122
29 122
30 122
31 122
32 122
33 122
33 149
34 35
35 122
36 122
37 122
37 145
37 148
38 42
38 122
39 122
40 7
40 42
41 42
42 37
42 55
42 58
42 73
42 114
42 115
42 122
42 135
42 140
42 144
42 146
42 151
43 122
44 122
45 122
46 50
46 122
47 122
48 122
49 122
51 122
52 122
53 122
54 122
55 122
56 122
57 4
57 122
58 122
59 88
60 4
61 122
62 122
62 135
63 62
63 122
64 122
65 122
66 122
67 122
68 122
69 122
70 122
71 122
72 4
72 122
73 122
74 122
75 6
75 122
76 122
77 122
78 122
79 122
80 122
81 88
82 122
83 122
84 122
85 3
85 122
86 11
86 122
87 122
88 122
88 128
88 147
89 122
90 87
90 122
91 122
92 122
93 6
94 42
95 122
96 88
96 122
97 122
98 105
98 122
99 122
100 122
101 122
102 121
102 122
103 122
104 122
105 122
106 122
107 122
108 122
109 122
110 122
111 122
112 62
113 4
113 122
114 122
115 88
117 28
118 51
119 6
119 88
120 6
120 7
121 122
122 1
122 2
122 3
122 4
122 5
122 6
122 7
122 8
122 9
122 10
122 15
122 17
122 19
122 20
122 21
122 22
122 25
122 28
122 29
122 30
122 31
122 33
122 35
122 36
122 37
122 42
122 43
122 44
122 45
122 46
122 47
122 48
122 49
122 51
122 52
122 53
122 54
122 55
122 58
122 62
122 63
122 64
122 65
122 67
122 68
122 69
122 70
122 71
122 74
122 76
122 77
122 78
122 79
122 80
122 82
122 83
122 84
122 85
122 86
122 87
122 88
122 89
122 90
122 91
122 92
122 97
122 98
122 100
122 101
122 103
122 104
122 105
122 106
122 107
122 108
122 109
122 110
122 114
122 121
122 125
122 127
122 129
122 137
122 143
122 153
123 6
123 88
124 122
125 122
129 122
130 4
130 122
131 6
132 6
134 4
134 6
135 7
137 122
138 6
138 7
139 122
140 64
140 88
141 6
143 122
146 84
147 10
147 122
149 122
150 4
151 122
154 6
154 122
155 88
156 28
