1 12
1 26
1 90
2 11
3 12
4 12
5 11
6 12
7 12
8 12
9 12
9 16
9 43
9 61
9 62
9 63
9 123
9 127
9 128
9 135
9 142
9 175
10 12
10 33
10 34
10 84
10 103
10 109
10 132
10 142
10 144
11 5
11 12
11 22
11 23
11 32
11 43
11 50
11 53
11 57
11 59
11 61
11 66
11 72
11 79
11 81
11 83
11 85
11 89
11 97
11 99
11 100
11 105
11 130
11 131
11 134
11 149
12 1
12 3
12 4
12 6
12 7
12 8
12 9
12 10
12 11
12 13
12 24
12 28
12 31
12 32
12 35
12 37
12 38
12 45
12 51
12 52
12 54
12 55
12 68
12 70
12 71
12 73
12 74
12 75
12 76
12 77
12 78
12 86
12 90
12 92
12 93
12 94
12 95
12 96
12 98
12 109
12 113
12 114
12 115
12 117
12 118
12 119
12 120
12 122
12 124
12 125
12 131
12 140
12 141
12 162
13 12
13 17
13 155
14 11
15 98
16 45
17 115
18 45
19 45
19 68
19 72
20 11
20 118
21 12
21 76
22 11
22 90
23 11
24 12
25 24
26 45
27 113
28 12
30 118
31 12
32 11
35 56
37 12
38 98
39 11
40 45
40 77
41 60
43 11
43 45
44 11
45 12
45 15
45 27
45 30
45 36
45 49
45 64
45 67
45 102
45 123
45 127
45 135
45 136
45 138
45 139
45 143
45 146
45 156
45 163
45 166
45 167
45 169
45 173
45 176
46 11
46 90
47 95
49 113
50 11
52 12
53 11
55 96
56 12
56 74
57 11
57 118
58 90
59 11
60 11
60 12
60 17
61 11
62 11
62 77
63 96
64 45
65 10
66 90
66 93
66 95
67 92
69 141
70 16
71 11
72 11
72 141
73 12
74 12
74 47
74 54
74 59
74 80
74 96
74 111
74 116
74 126
74 130
74 133
74 150
74 164
74 172
75 12
76 12
77 12
77 15
77 36
77 41
78 12
78 18
78 90
79 11
79 141
80 11
80 74
80 156
81 11
82 12
85 115
86 95
87 90
88 10
88 11
88 90
89 9
90 12
90 51
90 70
90 86
90 93
90 110
90 130
90 142
90 160
90 164
92 12
92 25
92 29
93 12
93 145
94 12
95 12
95 52
95 74
95 87
95 109
95 121
95 132
96 12
96 18
96 29
96 89
97 11
98 12
99 11
99 12
100 11
100 74
101 11
101 90
102 74
102 90
105 11
105 90
106 11
106 115
107 45
107 96
108 12
108 90
109 9
110 90
111 12
112 10
112 11
112 95
113 12
113 83
113 88
113 91
114 11
115 12
115 25
115 26
115 42
115 134
115 147
115 168
116 11
118 12
118 47
118 48
118 86
118 104
118 117
118 147
118 151
119 64
120 90
122 12
124 95
124 122
125 12
125 122
126 74
128 11
129 115
129 141
130 11
130 74
132 12
132 131
133 11
133 90
134 12
135 45
136 11
137 10
138 113
140 12
140 16
141 12
141 21
141 69
141 113
141 155
143 9
143 60
145 90
146 45
147 9
147 11
148 118
149 11
150 10
151 90
152 51
152 94
153 11
153 98
154 74
154 95
156 97
157 95
158 11
159 11
160 98
161 12
161 113
162 141
163 73
165 1
165 9
167 74
168 92
170 52
171 96
171 118
172 60
173 77
174 96
175 90
176 141
