1 31
1 44
2 122
5 11
6 4
7 9
7 11
9 4
9 6
9 13
9 14
9 15
9 29
9 31
9 32
9 40
9 41
9 47
9 48
9 50
9 52
9 55
9 56
9 61
9 70
9 76
9 81
9 85
9 89
9 90
9 95
9 96
9 97
9 100
9 101
9 114
9 115
9 117
9 120
9 122
9 124
9 127
10 11
10 34
11 16
11 21
11 28
11 31
11 37
11 43
11 47
11 48
11 49
11 54
11 58
11 66
11 71
11 77
11 79
11 80
11 82
11 94
11 108
11 113
11 124
11 129
12 9
12 34
12 96
12 97
12 112
12 116
12 122
12 125
13 2
13 3
13 9
13 31
13 45
13 67
13 72
16 31
17 9
18 9
20 11
20 57
21 34
21 44
21 48
22 9
23 9
23 48
24 60
24 131
25 11
25 44
26 12
26 131
27 9
27 11
27 44
28 11
29 11
29 31
29 55
30 2
30 59
31 3
31 6
31 8
31 9
31 11
31 12
31 16
31 24
31 26
31 30
31 33
31 34
31 44
31 60
31 63
31 66
31 73
31 87
31 88
31 89
31 95
31 100
31 101
31 102
31 105
31 106
31 112
31 114
31 121
31 122
31 125
31 128
33 31
33 39
34 3
34 9
34 30
34 31
34 32
34 44
34 53
34 62
34 85
37 13
39 31
40 48
41 9
41 31
41 35
41 40
41 99
42 9
43 11
43 44
44 9
44 23
44 29
44 31
44 36
44 42
44 51
44 54
44 58
44 60
44 68
44 78
44 79
44 105
44 109
44 111
44 120
44 124
45 44
48 5
48 15
48 31
48 38
48 49
48 71
48 89
48 115
48 119
49 11
49 19
50 9
50 18
50 28
51 9
53 6
55 9
55 57
56 11
58 11
58 44
59 13
60 12
60 31
60 69
62 31
64 12
64 48
65 11
65 48
66 11
67 4
67 6
68 9
68 11
70 9
71 11
73 72
75 61
77 6
77 9
77 11
78 44
79 11
80 44
81 5
81 9
81 23
81 26
81 31
81 61
82 9
83 9
83 31
84 9
86 9
87 31
88 34
88 112
88 127
89 11
89 112
90 9
91 11
92 9
93 11
93 99
93 131
94 44
94 131
95 9
96 31
97 9
98 11
98 13
99 11
99 31
99 131
100 31
101 9
102 44
103 9
103 31
103 44
105 10
106 41
106 81
107 9
107 11
108 60
109 31
109 44
110 44
111 11
111 44
113 12
115 31
117 6
117 9
118 12
118 34
120 9
121 31
121 118
122 9
122 59
123 9
123 31
123 116
123 118
124 9
124 44
124 104
125 9
126 112
127 44
128 9
129 11
130 11
131 81
