2 117
3 7
3 107
3 160
4 7
5 10
5 12
5 117
5 121
5 137
5 144
6 117
6 151
6 157
6 174
7 11
7 12
7 16
7 24
7 29
7 32
7 33
7 41
7 42
7 48
7 60
7 74
7 76
7 79
7 85
7 90
7 91
7 105
7 106
7 120
7 124
7 125
7 129
7 140
7 141
7 143
7 145
7 146
8 91
8 117
9 91
10 77
11 117
13 95
14 117
15 9
15 93
15 95
16 37
16 71
16 98
17 3
20 76
20 91
21 95
22 77
22 119
23 7
23 91
25 117
26 117
27 91
28 7
29 91
30 76
30 91
31 117
33 117
34 7
34 94
34 117
35 91
37 117
37 170
38 91
38 117
39 91
41 117
42 7
43 78
43 117
44 7
45 7
45 91
46 117
47 91
48 117
49 75
50 75
51 7
51 91
52 117
54 117
55 7
55 91
56 77
57 117
58 91
58 117
59 117
60 7
60 117
61 91
61 99
62 77
62 117
63 117
64 117
65 91
66 76
68 77
68 117
69 91
69 117
70 117
71 117
72 148
72 158
73 117
74 28
74 29
74 95
74 158
75 21
75 91
75 96
75 157
76 32
76 91
76 95
76 136
76 149
76 150
76 171
77 27
77 43
77 59
77 67
77 82
77 91
77 103
77 106
77 131
77 132
77 161
77 172
78 53
78 54
78 65
78 82
78 91
78 117
78 122
78 134
78 135
78 153
78 172
79 91
80 117
84 117
85 91
85 117
86 7
86 91
87 91
88 77
89 117
90 91
91 3
91 4
91 5
91 7
91 9
91 17
91 18
91 24
91 40
91 46
91 57
91 72
91 74
91 77
91 79
91 81
91 90
91 93
91 94
91 95
91 99
91 101
91 104
91 111
91 115
91 117
91 127
91 139
91 142
91 166
91 169
92 91
92 117
93 13
93 58
93 91
93 120
93 121
93 126
94 117
95 7
95 24
95 44
95 91
95 121
95 134
95 154
95 164
96 91
97 156
98 117
99 10
99 47
99 61
99 107
99 117
99 173
100 91
101 78
102 91
102 93
105 5
107 78
108 117
109 7
109 21
109 78
109 117
110 91
111 117
112 78
112 117
113 53
114 77
115 91
116 117
116 160
117 1
117 6
117 8
117 12
117 17
117 18
117 19
117 25
117 26
117 29
117 31
117 32
117 33
117 35
117 36
117 40
117 41
117 45
117 46
117 48
117 50
117 51
117 52
117 56
117 59
117 60
117 62
117 63
117 64
117 69
117 70
117 71
117 73
117 81
117 82
117 84
117 89
117 91
117 92
117 94
117 97
117 99
117 100
117 106
117 107
117 108
117 110
117 111
117 112
117 114
117 116
117 122
117 123
117 124
117 125
117 131
117 132
117 133
117 136
117 138
117 140
117 141
117 147
117 155
117 157
117 161
117 162
117 163
117 169
117 172
118 91
118 117
118 121
119 91
119 117
120 7
120 91
123 117
124 117
125 7
125 95
126 7
126 117
128 77
128 119
129 7
130 7
130 99
131 7
131 117
132 117
133 91
136 78
137 76
138 117
139 117
140 91
140 117
141 7
141 117
142 7
142 117
143 7
144 117
145 7
147 76
147 117
148 78
150 76
150 117
151 75
151 91
153 117
154 77
155 78
156 5
157 7
157 78
158 3
158 78
159 91
159 99
161 117
162 7
163 91
165 7
165 91
166 99
166 117
167 117
168 91
169 117
173 117
