1 32
1 138
2 84
2 138
4 113
6 37
6 138
7 95
7 113
8 138
9 138
11 138
12 138
14 113
14 138
15 95
15 139
16 139
17 73
17 116
18 138
19 113
20 74
20 135
21 138
23 74
23 139
24 1
24 121
24 138
25 63
26 113
28 113
29 138
30 138
31 138
32 138
33 95
34 113
35 138
36 135
37 1
37 139
38 113
38 125
40 113
41 74
41 138
42 74
42 138
44 113
44 125
46 138
46 139
49 95
49 113
51 1
52 8
52 138
53 138
55 119
56 110
57 138
58 113
58 138
60 138
62 138
63 4
63 12
63 44
63 51
63 67
63 102
63 136
63 138
64 69
67 113
68 138
70 95
71 139
72 6
73 138
74 34
74 36
74 58
74 134
74 138
75 113
76 109
76 138
77 138
78 74
78 138
79 113
80 138
81 125
81 138
83 1
83 6
83 73
85 138
86 138
87 138
88 138
89 48
89 138
91 121
92 113
92 138
93 19
93 138
94 121
94 138
95 10
95 38
95 50
95 129
95 138
96 138
97 95
97 138
98 138
99 138
101 138
102 84
103 138
104 138
106 138
107 39
107 138
108 29
108 142
109 110
110 16
110 120
110 136
110 138
111 138
112 113
112 138
113 7
113 14
113 17
113 18
113 21
113 22
113 26
113 30
113 35
113 45
113 46
113 53
113 54
113 55
113 58
113 59
113 66
113 74
113 80
113 85
113 86
113 105
113 111
113 123
113 132
113 137
113 138
114 113
114 138
116 3
116 70
116 96
116 117
116 138
117 138
118 93
118 138
120 121
121 16
121 28
121 91
121 109
121 120
121 128
121 132
121 138
122 138
123 70
123 84
123 138
125 4
125 26
125 27
125 64
125 107
125 138
126 45
126 138
128 63
128 138
130 135
131 74
132 116
133 138
134 84
134 138
135 27
135 106
135 138
135 144
138 1
138 2
138 6
138 9
138 11
138 14
138 25
138 29
138 31
138 32
138 35
138 41
138 42
138 44
138 46
138 47
138 48
138 49
138 53
138 55
138 57
138 58
138 59
138 61
138 62
138 63
138 64
138 67
138 68
138 71
138 73
138 74
138 76
138 77
138 78
138 79
138 81
138 82
138 85
138 87
138 88
138 89
138 93
138 94
138 95
138 96
138 98
138 99
138 101
138 102
138 103
138 104
138 110
138 112
138 113
138 114
138 116
138 117
138 121
138 122
138 123
138 125
138 126
138 127
138 133
138 134
138 135
138 139
138 140
138 141
138 142
138 143
138 146
138 147
138 148
139 5
139 15
139 40
139 45
139 129
139 131
139 138
140 18
140 23
140 91
140 138
141 138
142 138
144 138
145 143
146 138
147 121
147 138
148 138
