1 126
2 126
2 140
3 126
4 29
4 78
4 79
4 113
4 116
4 120
4 121
4 126
4 143
4 145
4 147
4 155
5 27
5 126
5 148
7 5
7 10
7 14
7 15
7 16
7 17
7 18
7 26
7 30
7 32
7 34
7 35
7 36
7 37
7 38
7 40
7 44
7 45
7 49
7 51
7 54
7 55
7 56
7 59
7 61
7 64
7 66
7 70
7 72
7 74
7 75
7 78
7 79
7 80
7 81
7 82
7 84
7 85
7 86
7 87
7 89
7 91
7 93
7 94
7 95
7 96
7 97
7 99
7 103
7 107
7 108
7 110
7 111
7 112
7 113
7 114
7 115
7 116
7 117
7 118
7 120
7 121
7 122
7 125
7 126
7 128
7 129
7 131
7 132
7 134
7 135
7 137
7 139
7 140
7 141
7 142
7 143
7 144
7 145
7 146
7 148
7 149
7 151
7 153
7 159
7 160
7 161
8 126
9 126
10 7
11 126
13 7
13 126
14 7
15 7
16 7
16 126
17 7
18 88
19 126
20 126
21 126
22 126
23 126
24 2
24 4
24 25
25 3
25 7
25 126
26 7
26 158
28 126
29 126
30 7
31 126
32 126
34 7
34 126
35 126
36 7
37 7
38 7
39 53
40 4
40 7
41 57
41 126
41 152
42 126
43 126
44 7
44 126
45 7
46 126
47 126
48 7
48 126
50 126
51 7
52 126
52 136
52 138
53 126
54 7
55 7
56 7
58 7
59 4
59 7
60 126
61 7
62 7
62 126
63 7
64 7
65 7
65 126
66 126
67 126
68 7
68 126
69 126
70 7
70 126
71 126
72 7
73 126
74 7
75 7
75 126
76 126
77 5
77 126
78 7
79 7
80 83
81 7
82 7
82 83
83 98
83 126
84 7
84 126
85 7
85 126
86 7
86 156
87 7
89 7
90 126
91 7
91 126
92 7
92 126
93 7
94 7
95 7
96 7
97 7
99 98
101 83
102 83
103 7
103 126
104 126
105 51
106 7
106 112
108 7
109 126
110 7
110 126
111 7
112 7
113 7
114 7
115 7
116 7
117 7
118 7
119 84
120 7
121 7
122 7
123 106
124 7
124 83
126 1
126 2
126 4
126 5
126 6
126 7
126 8
126 9
126 11
126 13
126 19
126 20
126 22
126 26
126 27
126 28
126 29
126 31
126 32
126 33
126 35
126 41
126 43
126 45
126 46
126 47
126 48
126 50
126 53
126 60
126 64
126 65
126 67
126 69
126 71
126 73
126 76
126 83
126 85
126 88
126 90
126 92
126 97
126 103
126 104
126 106
126 107
126 125
126 127
126 129
126 130
126 133
126 150
126 153
126 159
127 7
127 126
128 7
130 7
130 126
131 7
131 126
132 7
134 7
135 7
137 7
137 126
138 126
139 7
140 7
141 7
142 7
143 7
144 7
145 7
146 7
147 7
148 7
149 7
150 7
151 7
154 7
155 7
156 7
156 86
156 89
157 7
158 69
159 126
160 7
161 7
