1 131
2 39
2 46
2 160
3 115
4 129
4 131
5 115
5 131
6 131
7 131
8 131
10 131
11 160
12 114
12 131
14 131
14 147
15 131
16 131
17 128
18 139
20 81
20 91
20 131
21 131
23 131
24 129
24 131
26 131
27 131
28 91
28 129
28 131
29 129
31 131
32 131
33 131
34 131
36 131
37 131
38 79
42 131
43 131
47 113
48 81
48 131
48 141
49 115
49 131
51 131
52 131
53 131
55 131
57 131
59 131
60 131
61 131
62 131
63 131
64 131
65 27
65 157
66 114
66 131
68 160
69 131
70 131
71 114
72 131
73 34
73 115
74 131
75 131
76 131
77 131
78 131
79 38
79 56
79 73
79 85
79 122
79 123
79 131
79 137
80 131
80 139
81 7
81 29
81 35
81 40
81 42
81 44
81 87
81 131
82 131
83 139
83 160
84 131
85 131
86 131
87 131
88 139
89 131
90 131
91 21
91 24
91 131
92 131
93 131
94 131
94 141
95 79
95 114
97 131
98 131
99 81
99 131
100 131
101 81
101 131
102 128
102 131
103 115
104 131
107 27
107 64
108 131
109 131
110 131
111 39
111 131
112 139
112 160
113 19
113 96
113 125
113 131
113 149
114 17
114 50
114 69
114 91
114 131
114 136
114 160
115 37
115 41
115 49
115 61
115 74
115 86
115 131
115 148
116 131
117 93
117 131
118 6
118 19
118 70
118 71
118 72
118 131
118 136
119 131
120 131
121 131
122 131
123 141
124 53
124 131
125 157
126 141
127 81
128 30
128 131
129 22
129 131
129 155
129 159
130 131
131 1
131 2
131 3
131 5
131 7
131 9
131 10
131 11
131 12
131 13
131 15
131 20
131 21
131 23
131 27
131 29
131 31
131 32
131 33
131 34
131 35
131 42
131 43
131 48
131 49
131 51
131 52
131 53
131 54
131 55
131 56
131 57
131 59
131 60
131 62
131 63
131 66
131 69
131 72
131 75
131 76
131 77
131 78
131 79
131 80
131 81
131 82
131 84
131 85
131 87
131 90
131 91
131 92
131 93
131 94
131 97
131 98
131 99
131 100
131 101
131 103
131 106
131 108
131 109
131 111
131 113
131 115
131 116
131 117
131 118
131 119
131 120
131 122
131 125
131 128
131 129
131 130
131 132
131 133
131 134
131 135
131 140
131 141
131 142
131 143
131 145
131 147
131 150
131 151
131 152
131 153
131 154
131 156
131 157
131 158
131 160
131 161
131 163
131 164
131 165
131 166
131 167
132 131
133 131
134 131
135 160
137 131
137 157
138 115
139 16
139 58
139 71
139 131
139 160
140 131
141 36
141 39
141 131
142 128
142 131
143 131
145 131
146 114
146 131
146 160
147 50
148 114
149 139
150 131
151 128
151 131
152 141
153 131
154 131
155 131
156 123
156 131
157 13
157 22
157 64
157 67
157 106
158 81
158 131
159 115
159 131
160 2
160 11
160 30
160 39
160 44
160 47
160 58
160 62
160 68
160 83
160 104
160 131
160 140
160 157
161 131
162 131
162 160
163 131
166 36
166 131
167 131
