1 9
2 75
3 8
4 63
4 75
4 88
4 129
6 8
6 31
6 136
6 152
7 66
7 75
8 1
8 2
8 5
8 6
8 9
8 20
8 39
8 43
8 44
8 47
8 52
8 71
8 73
8 75
8 78
8 88
8 90
8 92
8 94
8 95
8 96
8 108
8 109
8 110
8 112
8 127
8 130
8 135
8 152
9 1
9 8
9 11
9 18
9 25
9 34
9 37
9 38
9 40
9 41
9 46
9 56
9 67
9 87
9 99
9 117
9 125
9 138
9 148
9 153
10 75
12 9
13 113
14 75
15 111
15 112
16 8
16 88
17 74
19 89
20 8
20 75
21 75
22 8
24 95
25 75
26 75
27 8
29 75
31 8
33 75
34 8
35 15
35 75
35 88
37 9
37 75
38 8
39 8
39 24
39 36
39 75
39 153
39 154
40 75
41 94
42 9
44 75
45 75
46 75
47 8
47 155
48 94
49 75
50 75
51 95
52 8
52 94
53 75
54 75
55 75
56 8
56 9
57 75
57 88
58 9
63 9
64 3
64 6
65 52
66 8
67 95
68 75
69 8
69 36
70 75
71 8
71 41
71 94
71 129
71 142
72 75
73 8
74 95
75 3
75 4
75 7
75 8
75 10
75 11
75 17
75 21
75 23
75 25
75 26
75 27
75 29
75 30
75 33
75 36
75 38
75 40
75 46
75 50
75 52
75 53
75 54
75 55
75 56
75 59
75 60
75 72
75 74
75 77
75 80
75 82
75 91
75 96
75 97
75 98
75 103
75 104
75 107
75 113
75 114
75 115
75 119
75 120
75 126
75 128
75 133
75 134
75 135
75 155
75 156
76 8
76 75
76 104
77 75
77 156
78 8
78 75
79 9
79 75
80 8
81 75
83 8
83 94
84 8
85 75
85 88
87 6
88 8
88 22
88 32
88 48
88 58
88 118
89 8
89 65
89 75
91 9
92 8
92 149
92 153
93 8
94 8
94 14
94 32
94 48
94 73
94 82
94 86
94 99
94 130
94 137
94 152
95 8
95 42
95 104
95 125
95 138
95 139
96 8
96 140
97 75
98 75
100 9
100 75
101 75
102 112
104 9
104 71
105 8
106 75
106 88
107 75
108 75
109 8
109 45
109 64
110 75
111 8
111 43
111 88
111 102
111 115
111 146
112 8
112 12
112 29
112 115
112 116
112 125
112 149
113 62
113 75
118 8
119 75
119 94
120 9
121 92
121 94
123 75
124 75
126 75
127 88
129 69
129 74
131 8
131 75
132 6
133 8
133 75
133 129
134 8
135 61
135 75
137 75
138 39
139 112
141 88
142 97
143 10
143 97
144 3
144 8
144 9
145 9
145 133
146 9
147 74
148 75
150 135
151 75
151 95
152 8
154 75
155 88
155 108
156 8
156 75
157 88
157 112
158 9
