1 8
1 56
2 42
3 8
3 15
3 70
4 59
5 8
6 8
6 15
6 56
6 62
6 66
6 105
7 8
7 9
7 66
7 67
8 1
8 3
8 4
8 5
8 6
8 7
8 9
8 10
8 11
8 12
8 21
8 22
8 23
8 24
8 27
8 29
8 31
8 33
8 36
8 40
8 42
8 43
8 47
8 49
8 50
8 52
8 54
8 58
8 59
8 60
8 62
8 75
8 77
8 78
8 80
8 81
8 82
8 89
8 91
8 95
8 97
8 99
8 101
8 102
8 106
8 111
8 117
8 120
8 121
8 122
8 128
8 129
9 3
9 5
9 6
9 8
9 14
9 63
9 73
9 92
9 99
9 133
10 1
10 5
10 8
10 28
10 34
10 70
10 87
10 94
10 99
10 116
10 124
10 132
11 42
11 77
11 86
11 100
11 103
12 8
13 8
13 10
14 8
15 8
16 6
17 59
18 8
19 46
20 9
20 10
20 28
21 8
22 8
22 59
23 8
23 11
24 8
24 61
24 70
24 100
24 110
25 8
26 11
27 11
27 33
28 8
28 61
30 11
31 8
31 42
32 59
34 59
35 8
35 81
38 10
38 81
39 8
39 42
40 8
41 8
41 10
42 8
42 16
42 19
42 34
42 47
42 52
42 53
42 64
42 71
42 72
42 77
42 88
42 103
42 107
42 119
42 131
43 8
43 59
44 10
44 59
46 10
46 48
46 59
46 109
47 42
48 3
48 28
49 8
50 8
50 37
50 67
50 84
51 8
52 8
52 10
53 59
56 6
57 8
57 24
58 10
58 59
59 8
59 28
59 32
59 43
59 55
59 62
59 72
59 73
59 79
59 89
59 98
59 106
59 114
59 120
59 127
60 8
60 68
60 125
62 59
63 8
65 8
67 81
68 8
68 10
69 9
69 50
71 10
73 8
73 10
75 8
75 59
76 8
78 59
79 8
79 59
80 8
81 14
81 85
81 104
82 8
83 8
84 8
85 6
87 59
88 59
89 59
90 129
93 9
93 10
94 8
95 8
95 10
96 92
97 10
97 98
99 59
100 98
101 8
102 8
103 42
104 7
105 6
107 42
108 10
108 50
110 106
111 9
112 8
112 10
113 129
114 59
116 8
117 8
117 67
119 8
121 42
121 118
123 3
123 91
124 24
125 8
128 123
129 8
129 114
129 115
129 127
129 128
130 8
131 8
132 10
