1 3
1 24
1 117
1 130
2 3
2 14
3 1
3 2
3 4
3 5
3 6
3 7
3 8
3 9
3 10
3 17
3 18
3 25
3 26
3 27
3 28
3 29
3 30
3 31
3 33
3 39
3 40
3 41
3 44
3 46
3 48
3 49
3 50
3 61
3 62
3 64
3 65
3 66
3 67
3 73
3 79
3 80
3 82
3 85
3 86
3 88
3 96
3 101
3 102
3 103
3 104
3 117
3 118
4 3
4 14
4 15
4 63
4 72
4 109
4 112
4 129
4 131
4 135
4 148
5 3
6 13
6 15
6 19
6 35
6 37
6 38
6 54
6 57
6 72
6 74
6 77
6 90
6 93
6 94
6 105
6 106
6 107
6 108
6 109
6 111
6 115
6 117
6 123
6 125
6 128
6 134
6 136
6 139
6 140
6 144
6 146
6 147
7 3
7 23
7 28
7 30
7 42
7 43
7 45
7 49
7 50
7 51
7 59
7 67
7 70
7 71
7 84
7 87
7 103
7 105
7 106
7 107
7 109
7 112
7 113
7 118
7 120
7 123
7 131
8 3
9 3
10 3
11 6
11 7
11 39
11 54
12 4
13 3
15 7
16 4
17 3
18 3
19 117
20 24
21 24
22 4
22 25
23 3
23 7
24 66
25 3
25 56
25 75
26 3
27 3
28 3
28 7
29 3
31 3
31 8
32 6
33 3
34 6
35 4
36 117
37 6
38 6
39 7
40 3
40 135
40 141
40 145
41 3
41 117
43 86
44 3
44 42
44 61
46 3
48 3
50 3
50 117
51 6
51 7
52 117
53 6
54 6
55 6
57 6
58 3
59 4
59 7
60 6
60 117
61 3
61 58
62 3
63 6
64 3
64 47
64 143
65 3
65 47
66 3
66 8
67 7
68 6
68 7
69 3
69 6
69 117
70 6
70 117
71 4
72 6
73 44
75 4
75 6
75 86
76 3
76 26
76 117
77 117
79 3
80 3
80 23
80 36
82 3
83 47
84 3
84 6
85 3
86 3
86 71
86 78
86 115
87 7
87 117
88 3
88 85
89 6
90 6
91 4
91 117
92 6
93 117
94 4
94 6
95 6
95 117
96 3
97 6
97 102
98 6
99 7
99 117
100 3
100 91
102 3
102 117
103 7
103 117
105 6
106 6
107 117
108 117
109 3
109 4
109 6
110 6
113 6
113 7
114 6
115 6
116 6
117 3
117 54
117 56
117 71
117 72
117 73
117 79
117 81
117 100
117 101
117 132
119 6
119 7
121 6
121 117
122 6
124 4
125 86
126 7
127 117
128 6
129 6
130 25
130 48
130 65
132 6
132 7
133 117
134 117
136 6
137 6
138 4
140 117
142 6
142 117
143 48
143 117
144 64
146 63
146 117
147 62
149 6
150 17
150 61
