1 139
2 99
3 99
3 126
4 139
6 139
8 99
9 99
10 99
11 139
12 99
13 99
13 139
14 139
16 99
18 99
20 139
21 99
21 139
22 139
23 99
23 139
24 99
25 139
26 99
26 139
27 99
27 139
28 139
29 99
29 126
29 139
30 99
31 99
32 139
33 99
34 126
35 99
36 99
36 139
37 99
38 99
39 99
40 99
41 99
42 99
43 126
44 99
45 139
46 99
48 99
49 99
50 99
51 99
52 99
53 99
53 139
54 99
55 139
57 99
58 99
58 139
59 99
62 99
63 99
64 99
64 139
65 139
66 99
67 86
67 99
68 99
69 99
70 99
71 99
72 99
73 126
74 99
75 139
76 99
77 99
78 99
79 99
80 139
81 139
82 99
83 99
84 99
84 139
85 99
86 139
87 86
88 99
89 139
90 99
90 139
91 99
92 139
93 99
94 99
94 139
95 99
96 99
97 99
98 99
99 2
99 6
99 7
99 8
99 9
99 11
99 12
99 14
99 15
99 17
99 18
99 19
99 21
99 25
99 27
99 30
99 31
99 32
99 33
99 34
99 35
99 36
99 37
99 38
99 39
99 42
99 43
99 44
99 45
99 46
99 47
99 48
99 49
99 50
99 52
99 54
99 55
99 56
99 57
99 60
99 61
99 62
99 63
99 64
99 66
99 67
99 68
99 69
99 70
99 72
99 74
99 76
99 77
99 78
99 79
99 80
99 81
99 82
99 83
99 84
99 85
99 90
99 92
99 93
99 94
99 95
99 96
99 97
99 98
99 100
99 102
99 103
99 105
99 108
99 109
99 110
99 112
99 113
99 114
99 115
99 116
99 117
99 118
99 119
99 120
99 121
99 122
99 123
99 124
99 128
99 130
99 131
99 132
99 133
99 136
99 137
99 138
99 139
99 142
100 99
101 139
102 99
102 139
103 99
104 99
105 99
105 139
106 99
107 99
109 99
110 99
111 99
112 99
113 99
113 126
114 99
116 99
117 99
118 99
119 99
120 99
121 139
122 99
123 99
124 99
124 139
125 139
126 5
126 17
126 29
126 43
126 46
126 56
126 60
126 89
126 92
126 108
126 139
127 129
127 135
130 99
131 99
131 126
132 99
133 99
134 99
134 139
135 139
136 99
137 99
138 99
139 1
139 3
139 4
139 10
139 12
139 16
139 17
139 22
139 51
139 53
139 55
139 70
139 71
139 81
139 86
139 88
139 89
139 99
139 101
139 104
139 106
139 108
139 117
139 125
139 127
139 128
139 130
139 135
139 136
139 141
141 139
142 99
