2 49
2 74
3 71
4 87
5 68
6 74
7 65
7 71
7 114
8 19
8 63
8 68
8 74
9 49
9 111
10 71
10 112
11 86
12 49
14 68
15 49
16 87
17 51
18 73
19 68
21 71
21 89
23 33
24 51
24 53
25 48
27 74
29 74
30 48
30 68
32 71
33 68
34 51
34 97
37 68
38 53
38 71
38 90
39 68
39 74
41 51
43 68
44 51
44 73
45 51
47 87
49 2
49 54
49 68
49 74
49 95
50 98
51 13
51 16
51 22
51 40
51 41
51 42
51 45
51 46
51 60
51 65
51 67
51 68
51 81
51 92
51 102
51 103
51 104
51 111
52 71
52 74
52 84
53 18
53 27
53 36
53 67
53 68
53 73
53 76
53 78
53 100
54 74
56 71
56 95
57 68
57 87
57 90
58 71
59 69
59 89
60 51
62 51
63 49
63 52
63 71
64 68
66 49
66 86
67 51
68 4
68 7
68 28
68 33
68 36
68 37
68 47
68 48
68 49
68 51
68 56
68 64
68 75
68 86
68 93
68 116
69 65
69 100
71 1
71 6
71 35
71 49
71 52
71 55
71 68
71 70
71 74
71 87
71 89
71 90
71 91
71 95
72 68
72 71
73 78
73 81
73 87
73 99
73 101
73 111
74 5
74 10
74 49
74 56
74 68
74 71
74 86
74 87
74 98
74 119
75 26
75 68
75 96
76 95
77 68
77 73
79 8
79 68
82 49
82 87
83 75
84 68
85 87
86 3
86 26
86 51
86 62
86 71
86 76
86 78
86 80
87 8
87 13
87 54
87 55
87 68
87 69
87 70
87 71
87 74
87 84
87 88
87 90
87 98
87 104
87 107
87 119
88 87
90 5
90 68
90 71
90 88
91 23
91 32
91 68
91 74
91 119
92 51
93 68
93 71
94 31
95 50
95 53
95 87
96 16
96 40
96 92
97 70
97 73
97 93
98 71
98 74
98 91
98 104
99 10
101 51
101 67
101 68
102 51
104 74
104 95
105 87
106 68
106 95
107 68
109 51
109 68
109 86
110 90
111 95
112 7
112 10
112 91
113 69
114 49
115 49
117 48
118 68
118 87
121 51
121 69
122 51
122 75
122 86
123 68
123 71
123 90
