1 110
2 15
2 63
2 130
5 78
6 24
8 62
9 1
9 43
9 78
10 15
11 1
11 7
11 16
11 67
11 82
11 87
11 130
12 22
13 15
13 78
14 31
14 43
14 60
15 12
15 16
15 21
15 23
15 27
15 31
15 34
15 43
15 44
15 46
15 51
15 62
15 64
15 66
15 68
15 72
15 79
15 84
15 114
15 117
16 10
16 11
16 15
16 17
16 18
16 19
16 24
16 30
16 32
16 33
16 35
16 37
16 38
16 40
16 41
16 42
16 43
16 45
16 48
16 61
16 63
16 65
16 71
16 75
16 78
16 79
16 80
16 86
16 87
16 95
16 96
16 98
16 101
16 107
16 109
16 110
16 113
16 114
16 115
16 122
17 16
17 70
17 78
20 11
20 15
23 62
23 78
24 15
24 58
24 61
25 15
25 16
27 130
28 33
28 61
29 15
30 16
30 102
31 15
31 23
31 59
31 99
31 106
31 120
32 16
32 50
33 38
33 82
34 11
35 16
36 16
37 16
39 63
39 78
41 16
42 2
42 16
42 55
42 124
43 14
43 15
43 51
43 60
43 76
43 78
43 88
43 119
43 123
43 127
44 15
44 20
44 53
44 88
45 16
45 101
46 78
47 15
47 78
48 61
49 43
51 107
52 31
53 32
53 70
54 43
55 24
55 63
56 63
56 79
57 15
58 61
58 63
59 15
59 31
61 2
61 7
61 16
61 40
61 77
61 91
61 93
61 98
61 104
61 128
62 11
62 29
62 45
62 120
63 16
63 71
63 94
63 108
63 118
63 121
63 124
64 15
65 16
66 15
66 43
66 125
67 15
67 51
67 63
67 79
68 61
69 16
70 63
71 63
72 16
73 43
74 130
75 16
76 61
78 5
78 9
78 10
78 12
78 16
78 17
78 27
78 39
78 54
78 56
78 75
78 79
78 83
78 84
78 89
78 128
79 15
79 16
80 16
81 31
83 15
86 16
87 15
88 43
89 78
91 16
92 16
93 61
94 44
95 16
96 16
96 78
97 16
97 35
100 63
101 16
102 16
103 61
103 122
104 11
105 61
106 12
106 44
107 15
107 16
107 85
108 79
109 15
110 16
110 73
110 75
111 43
111 117
112 16
112 45
115 16
116 16
116 45
117 11
117 120
117 130
118 16
119 43
121 16
122 16
122 53
122 90
123 15
123 102
124 53
125 16
126 16
127 78
127 79
129 11
