1 142
2 142
3 102
3 142
4 142
5 142
6 102
6 142
7 102
7 142
8 102
9 142
10 102
10 142
11 142
12 142
13 142
14 102
14 142
15 142
16 102
16 142
17 142
18 102
18 142
19 142
20 142
21 142
22 142
23 142
24 142
25 102
25 142
26 142
27 102
27 142
28 142
29 142
30 102
30 142
32 142
33 142
35 142
37 142
38 102
39 142
40 142
41 102
41 142
42 142
43 142
44 102
45 142
46 142
48 142
49 142
50 142
51 142
52 142
53 102
54 142
55 142
56 142
57 102
57 142
58 102
59 102
60 102
60 142
61 102
61 142
62 102
62 142
63 142
64 142
65 142
66 142
67 142
68 142
69 142
70 102
71 142
72 102
72 142
73 142
74 142
75 92
75 102
75 142
76 142
78 102
78 142
79 142
80 142
81 142
83 102
83 142
84 142
85 142
87 102
87 142
88 142
89 102
90 142
91 92
92 142
93 142
94 102
94 142
95 142
96 142
97 142
98 142
99 102
99 142
100 102
101 142
102 3
102 4
102 7
102 8
102 9
102 13
102 16
102 17
102 18
102 20
102 21
102 22
102 24
102 25
102 29
102 30
102 33
102 34
102 35
102 36
102 38
102 39
102 41
102 44
102 45
102 46
102 47
102 49
102 51
102 53
102 56
102 58
102 62
102 63
102 64
102 67
102 68
102 70
102 71
102 72
102 73
102 77
102 78
102 79
102 81
102 82
102 84
102 85
102 86
102 87
102 89
102 90
102 93
102 94
102 97
102 100
102 104
102 109
102 110
102 114
102 117
102 119
102 121
102 122
102 123
102 131
102 133
102 135
102 138
102 142
103 102
103 142
105 142
106 102
106 142
107 102
108 142
109 142
110 102
111 102
112 142
113 102
114 142
115 142
116 142
117 102
117 142
118 102
118 142
119 102
119 142
120 102
121 142
123 142
124 142
125 142
126 142
127 142
128 142
129 142
130 125
131 102
131 142
132 102
132 142
133 102
135 102
136 102
136 142
137 142
139 142
140 142
141 142
142 2
142 3
142 9
142 11
142 12
142 13
142 15
142 19
142 20
142 22
142 24
142 25
142 26
142 27
142 28
142 29
142 31
142 32
142 33
142 34
142 35
142 36
142 37
142 39
142 40
142 41
142 42
142 43
142 45
142 46
142 47
142 48
142 49
142 50
142 51
142 52
142 54
142 55
142 56
142 57
142 58
142 60
142 65
142 66
142 67
142 68
142 69
142 71
142 73
142 74
142 75
142 76
142 77
142 79
142 80
142 82
142 83
142 84
142 85
142 86
142 88
142 90
142 93
142 95
142 98
142 100
142 101
142 102
142 103
142 104
142 105
142 106
142 107
142 108
142 112
142 113
142 115
142 116
142 117
142 118
142 119
142 120
142 121
142 123
142 124
142 125
142 126
142 127
142 128
142 129
142 131
142 132
142 134
142 136
142 137
142 138
142 139
142 140
142 141
142 143
143 102
143 142
144 102
144 142
