1 9
2 9
3 9
4 9
5 9
7 9
8 9
9 1
9 2
9 3
9 4
9 5
9 6
9 7
9 8
9 10
9 11
9 12
9 13
9 16
9 17
9 18
9 22
9 23
9 24
9 27
9 29
9 30
9 31
9 32
9 33
9 35
9 36
9 37
9 38
9 39
9 45
9 46
9 47
9 48
9 49
9 52
9 53
9 55
9 56
9 57
9 58
9 59
9 60
9 61
9 62
9 63
9 64
9 65
9 66
9 68
9 69
9 70
9 71
9 72
9 73
9 75
9 76
9 77
9 78
9 80
9 81
9 82
9 83
9 84
9 85
9 86
9 87
9 90
9 93
9 95
9 96
9 100
9 101
9 102
9 103
9 104
9 105
9 106
9 107
9 108
9 111
9 112
9 113
9 114
9 115
9 116
9 119
9 120
9 122
9 124
9 125
9 126
9 127
9 129
9 130
9 131
9 132
9 133
9 134
9 135
9 137
9 138
9 140
9 141
11 9
12 9
13 9
14 59
14 60
15 9
16 9
16 86
17 9
18 59
18 60
21 120
22 9
23 9
24 9
25 9
25 68
26 68
27 9
28 55
28 80
30 9
31 9
32 9
33 9
36 9
36 38
37 19
37 91
37 97
37 105
37 135
37 151
38 9
38 22
38 40
38 44
38 61
38 83
38 140
38 142
39 9
41 9
42 9
42 80
43 124
44 9
45 86
46 9
46 59
46 86
47 9
48 9
49 9
50 9
50 86
51 12
51 86
52 9
53 9
53 86
54 38
54 59
55 9
55 148
57 9
57 56
57 159
58 9
58 20
58 129
58 146
59 9
59 19
59 39
59 42
59 46
59 54
59 67
59 143
59 155
60 9
61 9
62 9
63 9
63 86
64 9
65 9
66 38
67 38
68 9
69 9
72 9
73 9
75 9
76 9
76 160
77 9
78 9
80 9
80 34
80 41
80 54
80 89
80 121
80 146
80 147
80 149
80 151
81 9
82 9
82 45
82 98
82 149
83 59
84 9
85 9
86 8
86 9
86 17
86 27
86 41
86 65
86 88
86 91
86 97
86 98
86 109
86 115
86 121
86 122
86 130
86 150
87 9
89 5
90 86
91 105
92 124
93 9
94 5
94 86
96 9
97 9
98 9
98 86
100 9
101 9
102 9
102 45
102 99
102 154
104 9
105 9
105 20
105 127
105 158
106 9
106 20
106 71
107 9
107 38
108 9
109 9
110 9
110 86
111 9
112 9
114 9
115 9
115 37
115 118
116 9
117 38
117 124
119 9
119 82
120 9
122 9
124 9
124 89
124 118
124 128
126 9
127 19
128 12
128 38
128 86
131 9
132 9
133 9
134 9
135 9
136 9
137 9
138 9
139 38
139 80
139 86
140 38
141 9
142 38
143 37
143 59
143 86
144 38
145 86
146 9
147 86
148 58
149 59
150 80
151 64
152 59
152 82
152 127
153 37
153 102
155 58
155 80
156 107
157 37
157 80
157 124
158 84
158 105
160 37
