1 8
1 47
2 3
2 23
3 2
3 4
3 5
3 6
3 7
3 8
3 9
3 11
3 12
3 20
3 21
3 24
3 25
3 26
3 31
3 32
3 33
3 35
3 41
3 44
3 45
3 48
3 49
3 50
3 51
3 54
3 60
3 61
3 63
3 64
3 69
3 73
3 75
3 76
3 77
3 78
3 81
3 82
3 84
3 85
3 95
3 96
3 97
3 99
3 100
3 105
3 107
3 111
3 118
3 121
3 127
3 128
3 141
3 144
3 153
3 157
4 3
5 3
6 3
6 29
7 3
7 69
7 71
8 3
8 10
8 13
8 15
8 16
8 17
8 19
8 22
8 24
8 28
8 36
8 38
8 39
8 42
8 43
8 46
8 55
8 57
8 59
8 62
8 65
8 66
8 68
8 70
8 71
8 72
8 74
8 79
8 80
8 86
8 87
8 88
8 89
8 90
8 104
8 106
8 108
8 109
8 110
8 112
8 115
8 118
8 123
8 124
8 126
8 129
8 131
8 132
8 133
8 134
8 135
8 138
8 140
8 142
8 143
8 145
8 146
8 152
8 155
8 156
8 158
8 160
8 161
8 164
8 165
8 166
8 167
8 168
8 169
8 170
8 171
8 172
8 173
8 174
8 175
8 177
8 178
8 179
9 8
10 8
11 3
12 3
13 8
13 141
16 8
16 95
17 8
18 5
18 37
19 8
20 3
21 3
22 8
23 32
24 3
25 3
26 6
27 2
27 3
28 3
28 8
31 3
32 2
32 3
32 15
33 3
33 8
33 152
33 170
33 176
34 7
34 8
36 8
37 3
38 8
39 5
39 8
40 8
40 95
41 3
41 64
42 8
43 8
44 3
45 3
46 8
48 3
49 8
50 14
50 53
50 102
51 3
51 8
54 3
55 8
56 99
57 8
58 3
58 8
59 8
60 3
60 8
61 3
62 8
64 8
65 8
66 8
68 8
70 8
72 8
73 3
74 3
74 8
75 3
76 3
77 3
77 92
78 3
79 8
80 8
81 3
81 8
82 3
83 3
84 141
85 77
86 8
87 8
88 8
89 8
90 34
90 96
90 141
92 8
92 95
95 8
95 18
95 70
95 92
95 134
95 138
95 162
95 165
95 167
95 176
96 3
96 91
96 116
96 138
97 3
97 99
98 3
98 8
99 3
99 73
99 75
99 82
99 93
99 128
99 154
99 156
100 3
100 8
101 7
101 8
103 8
104 3
104 8
105 3
105 8
106 8
107 3
107 8
108 8
109 8
110 8
111 8
112 3
112 8
114 96
115 116
117 96
118 8
119 141
121 3
124 8
125 3
126 3
126 8
127 3
127 8
128 3
128 8
129 8
130 8
130 95
131 8
131 95
132 8
133 95
134 8
135 8
136 8
136 95
137 8
137 96
139 95
139 120
140 8
141 3
141 27
141 30
141 35
141 37
141 50
141 61
141 63
141 76
141 78
141 83
141 85
141 95
141 96
141 118
141 119
141 122
141 144
141 145
141 157
141 166
142 8
143 8
143 141
144 8
145 8
146 8
147 8
149 8
149 77
149 95
150 6
150 8
150 99
151 3
151 99
151 141
152 99
153 3
154 141
155 8
156 3
158 8
159 8
159 95
160 8
160 95
161 8
163 8
163 95
164 8
165 141
166 95
167 8
168 8
168 95
169 8
170 8
171 8
172 8
175 8
176 33
176 95
177 8
178 8
179 8
