1 16
3 16
4 16
5 16
5 95
6 15
7 16
9 16
10 16
11 16
11 50
12 15
12 16
13 15
13 16
14 15
14 16
15 4
15 6
15 8
15 9
15 16
15 22
15 27
15 34
15 38
15 43
15 61
15 65
15 68
15 71
15 79
15 83
15 88
15 91
15 92
15 93
15 99
15 104
15 115
15 133
15 136
15 138
15 140
16 3
16 4
16 6
16 7
16 8
16 9
16 10
16 11
16 12
16 13
16 14
16 15
16 17
16 18
16 19
16 24
16 25
16 29
16 31
16 32
16 33
16 34
16 35
16 36
16 38
16 39
16 40
16 41
16 44
16 45
16 46
16 47
16 49
16 56
16 57
16 58
16 59
16 62
16 69
16 70
16 72
16 73
16 74
16 75
16 76
16 80
16 89
16 90
16 91
16 95
16 96
16 97
16 99
16 100
16 101
16 102
16 103
16 105
16 109
16 116
16 117
16 119
16 120
16 123
16 124
16 125
16 126
16 127
16 129
16 130
16 131
16 132
16 135
16 137
17 15
17 16
17 123
18 16
19 15
19 16
19 95
20 47
22 73
23 34
23 95
24 73
25 16
26 95
27 16
28 16
28 33
29 16
30 95
31 16
32 16
33 16
33 64
33 65
33 78
33 87
34 16
34 35
34 39
34 53
34 115
35 16
36 16
37 16
38 16
39 16
40 16
40 31
41 16
42 16
42 95
43 95
44 2
44 16
45 16
46 16
47 16
47 42
47 43
47 113
47 114
48 16
51 95
53 95
54 47
55 16
56 16
57 16
59 16
60 17
60 73
61 16
61 47
62 16
63 31
63 95
64 62
64 95
65 15
65 123
66 13
66 16
67 95
69 73
71 123
72 16
73 16
74 16
74 142
75 16
76 16
77 95
78 73
79 15
79 16
81 16
82 15
82 62
83 15
83 130
84 16
85 16
86 33
87 15
87 33
87 95
88 33
90 31
91 16
93 16
94 16
95 2
95 16
95 21
95 23
95 37
95 42
95 43
95 54
95 58
95 93
95 94
95 97
95 98
95 103
95 110
95 112
95 129
95 140
96 16
97 16
99 16
100 16
101 16
102 123
103 15
103 16
104 95
105 16
106 15
106 123
107 95
108 15
108 73
109 16
109 73
111 45
111 91
112 95
115 16
115 17
116 16
118 16
119 15
119 16
120 15
120 95
121 95
122 32
122 47
123 16
123 20
123 112
123 128
123 134
123 138
124 16
125 16
126 16
127 16
128 16
129 16
130 16
130 123
131 16
131 126
132 16
133 16
133 130
134 16
134 95
134 123
136 123
137 16
137 123
139 76
140 15
141 16
