1 3
2 25
2 106
2 133
3 1
3 4
3 5
3 7
3 8
3 9
3 10
3 21
3 28
3 29
3 30
3 31
3 33
3 50
3 52
3 54
3 58
3 60
3 72
3 75
3 76
3 77
3 90
3 93
3 100
3 111
3 115
3 123
3 133
4 3
4 27
4 53
4 70
4 79
4 81
4 91
4 105
4 121
4 122
4 127
4 128
4 129
4 149
4 153
4 158
5 3
6 14
6 18
6 42
6 44
6 48
6 82
6 83
6 94
6 101
6 103
6 108
6 112
6 117
6 125
6 126
6 130
6 133
6 135
6 136
6 137
6 138
6 140
6 141
6 142
6 143
6 144
6 146
6 147
6 149
6 154
6 155
6 156
6 157
6 158
6 159
6 164
6 167
7 3
7 133
8 3
9 3
9 12
9 36
9 75
10 3
11 133
13 4
13 9
15 76
17 6
18 6
18 76
19 6
20 4
20 6
20 76
20 132
21 3
21 12
22 133
22 161
23 77
24 25
25 3
26 6
26 133
29 3
29 138
30 3
31 3
31 90
31 93
32 133
34 3
34 133
35 58
36 9
37 3
37 77
37 133
38 6
38 133
39 6
40 4
41 4
41 6
42 133
43 46
44 6
45 133
46 3
46 39
46 61
46 63
46 77
47 133
48 6
49 3
50 133
51 133
52 3
52 133
53 6
54 3
56 133
57 133
58 3
58 40
58 99
58 112
59 6
59 133
60 3
60 133
61 133
61 138
61 160
62 6
62 133
63 133
64 6
65 6
65 76
66 6
66 29
67 133
68 4
68 6
69 3
69 23
69 47
69 51
69 133
70 6
70 133
71 133
72 3
72 12
72 16
73 133
74 55
74 96
75 3
75 54
75 55
76 15
76 17
76 41
76 56
76 83
76 85
76 109
76 121
76 133
76 139
76 143
76 152
76 153
76 154
76 161
77 3
77 32
77 49
77 56
77 73
77 78
78 16
78 133
79 4
79 6
79 133
80 133
80 156
81 4
81 6
82 6
83 6
84 133
85 133
86 133
87 9
87 133
88 133
89 6
90 3
90 33
91 6
92 6
93 3
95 69
96 54
97 77
97 133
98 55
99 3
99 133
100 3
100 75
101 6
102 3
102 77
102 133
103 6
104 4
104 6
105 114
106 116
107 6
107 69
109 6
109 69
110 133
111 69
112 6
113 133
114 133
115 3
116 133
117 133
118 133
119 133
120 4
121 4
121 6
122 4
122 133
124 6
125 6
126 6
126 76
128 6
128 76
129 6
130 6
131 2
131 6
131 58
132 133
133 1
133 3
133 4
133 6
133 7
133 11
133 22
133 23
133 25
133 26
133 27
133 29
133 32
133 35
133 37
133 38
133 45
133 46
133 51
133 56
133 57
133 59
133 61
133 62
133 63
133 69
133 73
133 76
133 80
133 84
133 86
133 87
133 88
133 94
133 95
133 97
133 99
133 102
133 109
133 110
133 114
133 116
133 118
133 132
133 134
134 69
134 133
135 4
135 6
136 6
137 6
138 22
139 6
139 71
140 76
141 6
141 76
142 133
143 6
144 6
146 6
148 6
149 6
150 6
151 6
152 6
154 6
155 6
156 29
158 6
158 76
159 4
159 6
160 6
161 58
161 76
162 72
163 6
164 6
166 6
167 6
