1 10
1 13
1 30
3 10
4 13
4 30
5 10
6 10
6 19
7 13
7 30
8 10
9 10
10 3
10 5
10 6
10 7
10 8
10 9
10 13
10 21
10 22
10 23
10 27
10 31
10 34
10 35
10 36
10 41
10 44
10 45
10 46
10 48
10 49
10 50
10 52
10 53
10 57
10 58
10 61
10 65
10 66
10 67
10 68
10 69
10 72
10 74
10 76
10 78
10 79
10 85
10 89
10 90
10 91
10 94
10 97
10 98
10 99
10 100
10 108
10 110
10 111
10 119
10 121
10 126
10 128
10 129
11 18
11 29
11 30
11 60
11 72
11 113
11 114
11 129
12 10
12 30
13 3
13 4
13 10
13 11
13 14
13 15
13 18
13 25
13 26
13 28
13 29
13 30
13 35
13 39
13 42
13 51
13 52
13 53
13 54
13 63
13 64
13 69
13 75
13 78
13 79
13 80
13 87
13 90
13 92
13 93
13 94
13 96
13 98
13 103
13 104
13 116
13 118
13 120
13 122
13 123
13 126
13 132
14 13
15 13
15 30
16 10
17 11
17 30
19 62
20 10
21 10
22 49
23 10
24 11
25 10
26 13
26 30
27 10
28 13
29 10
29 13
29 32
29 59
29 66
29 101
29 107
29 127
30 12
30 13
30 39
30 48
30 54
30 60
30 76
30 80
30 83
30 100
30 102
30 105
30 106
30 120
30 124
30 125
31 10
31 13
33 10
34 10
35 10
36 13
37 13
38 10
40 64
41 10
42 13
42 43
42 111
43 42
44 13
45 10
45 18
46 10
46 86
47 10
47 13
48 86
49 13
49 82
49 84
50 10
51 10
52 37
54 13
54 30
55 56
56 13
56 55
57 114
59 86
61 11
62 13
62 44
64 2
64 13
64 74
65 10
66 42
67 86
68 10
69 86
70 11
71 13
73 30
73 64
74 30
75 38
76 13
77 10
78 10
78 30
79 10
79 13
80 13
81 13
83 49
84 10
84 29
85 10
85 86
86 5
86 17
86 30
86 88
86 105
87 13
88 10
89 10
89 30
90 10
92 29
92 130
94 10
94 12
94 13
95 30
96 10
96 13
99 10
100 10
101 10
101 112
102 10
102 30
103 30
103 86
103 106
104 29
106 13
107 10
108 62
109 27
109 64
110 10
110 13
112 30
113 10
114 11
115 30
117 10
118 30
119 10
122 13
123 10
123 13
124 13
125 13
129 10
130 13
130 116
130 127
131 10
131 12
132 11
132 13
132 130
133 13
