1 11
1 22
3 23
4 21
6 4
6 7
6 11
6 14
6 15
6 16
6 17
6 22
6 25
6 28
6 32
6 34
6 35
6 39
6 42
6 50
6 51
6 55
6 59
6 62
7 22
8 6
8 18
9 11
9 35
9 37
11 6
11 9
11 20
11 25
11 33
11 34
11 39
11 44
11 53
11 56
12 11
12 17
12 53
13 15
13 23
13 38
13 53
14 1
14 8
14 56
16 55
17 50
17 62
18 1
18 6
18 32
18 39
18 40
18 45
18 62
19 6
19 11
19 13
19 56
20 3
20 6
20 11
20 13
20 38
20 46
20 50
20 54
20 57
21 6
21 12
21 34
21 36
21 38
21 41
21 49
21 54
21 61
23 10
23 31
23 43
23 46
24 2
24 11
25 18
25 19
25 55
26 6
26 19
28 1
28 11
28 19
28 22
28 59
29 44
30 14
30 36
30 38
30 41
30 49
30 51
30 61
31 19
32 6
32 20
32 45
33 19
33 26
33 30
33 56
34 55
35 11
35 23
35 42
35 48
36 19
36 20
36 52
37 2
37 6
37 21
37 30
37 36
37 38
37 41
37 49
37 50
37 51
37 59
37 61
38 17
38 46
38 53
39 53
40 15
40 21
41 6
41 20
41 42
41 51
41 53
42 10
42 33
43 10
43 55
44 26
45 36
46 15
47 11
48 18
49 36
50 6
50 11
50 15
51 6
51 15
51 23
51 42
51 49
53 11
53 31
53 39
53 52
53 55
54 28
54 33
54 36
55 1
55 6
55 12
55 13
55 33
55 35
55 36
55 37
55 45
55 46
55 54
55 58
55 62
57 11
57 62
58 6
58 20
58 36
58 42
58 51
58 62
59 6
59 10
59 15
59 60
60 10
61 11
61 55
62 42
62 50
63 62
