1 138
2 15
2 86
2 132
4 2
4 86
5 138
6 86
7 68
7 86
7 106
8 86
9 132
10 87
10 128
11 86
11 106
11 132
12 54
13 104
13 128
13 138
15 86
16 86
18 104
19 74
21 68
22 138
23 86
26 86
27 2
28 74
28 86
29 74
30 127
31 104
31 128
35 86
35 132
36 86
37 104
38 74
38 86
38 87
39 86
40 106
41 106
42 2
42 138
44 86
44 106
45 68
47 138
48 87
48 138
49 86
50 138
51 86
52 138
53 138
54 86
55 86
55 106
57 86
58 86
59 128
60 86
60 138
61 138
62 104
62 139
63 86
63 138
65 138
66 107
67 86
68 10
68 12
68 39
68 106
68 132
69 86
69 138
70 106
71 128
72 68
73 104
74 18
74 66
74 86
74 132
76 86
76 127
76 138
77 127
78 86
80 128
80 138
81 74
81 107
82 106
83 87
83 138
84 132
85 81
85 86
85 106
86 5
86 6
86 17
86 20
86 24
86 26
86 31
86 32
86 35
86 39
86 40
86 41
86 45
86 52
86 53
86 55
86 57
86 61
86 65
86 68
86 72
86 74
86 82
86 84
86 85
86 87
86 90
86 91
86 92
86 94
86 96
86 104
86 105
86 106
86 108
86 112
86 115
86 118
86 123
86 127
86 128
86 131
86 132
86 134
86 137
86 138
86 139
87 8
87 20
87 42
87 48
87 73
87 78
87 80
87 86
87 88
87 119
88 138
92 86
93 128
93 138
94 86
94 106
95 86
96 86
96 106
97 104
98 68
99 68
100 33
100 55
100 56
100 86
101 106
101 128
103 86
103 138
104 3
104 9
104 24
104 46
104 51
104 79
104 86
104 121
104 130
105 138
106 6
106 20
106 27
106 37
106 43
106 51
106 54
106 55
106 56
106 58
106 59
106 75
106 82
106 84
106 85
106 86
106 91
106 101
106 104
106 107
106 128
106 132
106 135
106 139
107 86
107 110
107 113
107 114
108 72
108 87
108 132
109 86
109 104
110 115
111 87
111 104
115 99
115 106
115 114
117 86
118 132
119 104
120 86
121 138
122 104
122 132
123 86
123 132
124 106
125 74
125 86
126 128
126 138
127 12
127 86
128 18
128 57
128 59
128 65
128 86
129 87
129 104
129 138
131 86
132 14
132 86
132 87
132 91
132 117
133 86
133 138
134 86
134 132
135 43
135 86
136 128
136 132
137 106
138 14
138 15
138 16
138 23
138 28
138 34
138 36
138 46
138 47
138 48
138 49
138 50
138 67
138 73
138 75
138 79
138 86
138 97
138 98
138 103
138 116
138 117
138 119
138 125
138 126
138 133
138 139
