1 121
2 121
3 121
4 121
5 121
6 121
7 121
8 121
9 121
10 35
10 102
10 121
11 20
11 121
12 42
12 46
12 121
13 121
14 121
15 121
16 10
16 121
17 121
18 100
18 102
19 96
19 121
20 121
22 121
23 121
24 121
25 121
26 121
27 121
28 121
29 121
30 121
31 10
31 121
32 121
33 121
34 121
35 121
36 121
37 121
38 121
39 121
40 121
41 121
43 121
44 121
45 121
46 42
47 121
48 121
49 121
50 11
50 37
50 84
51 121
52 121
53 121
54 121
55 121
56 121
56 175
57 121
58 121
59 121
60 121
61 121
62 121
63 121
64 121
65 121
66 121
67 121
68 121
69 121
70 121
71 121
72 121
73 121
74 121
75 121
76 121
77 121
78 121
79 121
80 121
81 121
82 121
83 121
84 18
84 121
84 151
85 121
86 121
87 121
88 121
89 121
90 121
91 121
92 121
93 121
94 121
95 121
96 121
97 121
98 121
98 180
99 9
99 121
100 121
101 121
102 121
103 121
104 121
105 121
106 121
107 121
108 121
109 121
110 121
110 180
111 121
112 121
113 121
114 121
115 121
116 121
117 79
118 121
119 103
119 121
120 121
121 1
121 2
121 3
121 4
121 5
121 6
121 7
121 8
121 9
121 10
121 11
121 12
121 13
121 14
121 15
121 16
121 17
121 20
121 21
121 22
121 23
121 24
121 25
121 26
121 27
121 28
121 29
121 30
121 32
121 33
121 34
121 36
121 37
121 38
121 39
121 40
121 41
121 44
121 45
121 47
121 48
121 49
121 51
121 52
121 53
121 54
121 55
121 56
121 57
121 58
121 59
121 60
121 61
121 62
121 63
121 64
121 65
121 66
121 67
121 68
121 69
121 70
121 71
121 72
121 73
121 74
121 75
121 76
121 77
121 78
121 79
121 80
121 81
121 82
121 83
121 84
121 85
121 86
121 87
121 88
121 89
121 90
121 91
121 92
121 93
121 94
121 95
121 96
121 97
121 98
121 100
121 101
121 102
121 103
121 104
121 105
121 106
121 107
121 108
121 109
121 110
121 111
121 112
121 114
121 115
121 116
121 118
121 119
121 120
121 122
121 123
121 124
121 125
121 126
121 127
121 128
121 129
121 130
121 131
121 132
121 133
121 134
121 135
121 136
121 137
121 138
121 139
121 140
121 141
121 142
121 143
121 144
121 145
121 146
121 147
121 148
121 149
121 150
121 152
121 153
121 154
121 155
121 156
121 157
121 158
121 159
121 160
121 161
121 162
121 163
121 164
121 165
121 166
121 167
121 168
121 169
121 170
121 171
121 172
121 173
121 174
121 175
121 177
121 178
121 179
121 181
121 182
121 183
121 184
122 121
123 121
124 121
125 121
126 121
127 121
128 121
129 121
130 121
131 121
132 121
133 121
134 121
135 121
136 121
137 121
138 121
139 121
140 121
141 121
142 121
143 121
144 121
145 121
146 121
147 121
148 121
149 121
150 121
151 121
152 121
153 121
154 121
155 121
156 121
157 121
158 121
159 121
160 121
161 121
162 121
163 103
163 121
164 121
166 121
167 121
168 121
169 121
170 121
171 121
172 121
173 121
174 121
175 121
176 121
177 121
178 121
179 56
179 121
180 121
181 121
182 121
183 121
184 121
