1 134
2 134
3 110
3 134
4 110
5 110
6 110
6 134
7 110
8 110
9 110
10 110
11 110
12 110
13 110
13 134
14 110
15 110
16 110
16 134
17 108
17 110
18 110
19 110
20 110
21 110
22 110
22 134
23 110
23 134
24 110
25 110
26 134
27 110
28 110
29 134
30 110
31 110
32 110
32 134
33 134
34 110
35 110
36 110
37 110
38 110
39 110
39 134
40 134
41 110
42 110
43 110
43 134
44 110
44 134
45 110
46 110
46 134
47 110
48 110
49 110
50 110
50 134
51 110
52 110
53 110
54 110
54 134
55 110
56 110
57 110
57 134
58 134
59 110
60 134
61 110
61 134
62 134
63 79
63 110
64 110
64 134
65 134
66 134
67 110
68 110
68 134
69 110
69 134
70 134
71 134
72 110
73 134
74 110
74 134
75 110
75 134
76 134
77 110
78 134
79 110
80 110
81 79
82 110
82 134
83 110
84 110
84 134
85 134
86 110
87 110
88 110
89 110
90 110
91 110
92 134
93 134
94 134
95 110
95 134
96 134
97 134
99 134
100 110
101 110
101 134
102 110
102 134
103 110
103 134
104 110
105 110
106 110
106 134
107 110
108 110
109 110
110 2
110 3
110 4
110 5
110 7
110 8
110 9
110 10
110 11
110 12
110 13
110 14
110 15
110 16
110 17
110 18
110 19
110 20
110 21
110 22
110 23
110 24
110 25
110 27
110 28
110 29
110 30
110 31
110 34
110 35
110 36
110 38
110 41
110 42
110 43
110 44
110 45
110 47
110 48
110 49
110 50
110 52
110 53
110 54
110 55
110 56
110 57
110 63
110 64
110 66
110 67
110 68
110 71
110 72
110 73
110 77
110 80
110 82
110 87
110 88
110 89
110 90
110 91
110 93
110 95
110 98
110 100
110 101
110 103
110 104
110 106
110 111
110 113
110 115
110 117
110 118
110 124
110 125
110 126
110 134
110 135
110 136
111 134
112 134
113 110
113 134
114 110
115 110
116 110
116 134
117 110
118 110
119 110
119 134
120 134
121 134
122 134
123 110
124 110
124 134
126 110
127 110
127 134
128 134
129 110
130 134
131 134
133 134
134 1
134 2
134 3
134 9
134 11
134 16
134 22
134 29
134 33
134 36
134 40
134 46
134 48
134 51
134 54
134 58
134 60
134 61
134 62
134 65
134 66
134 67
134 68
134 69
134 70
134 71
134 72
134 73
134 75
134 76
134 80
134 85
134 88
134 90
134 92
134 94
134 96
134 97
134 98
134 99
134 102
134 105
134 107
134 110
134 111
134 112
134 113
134 114
134 116
134 119
134 120
134 121
134 122
134 123
134 125
134 127
134 128
134 129
134 130
134 131
134 132
134 133
135 110
135 134
136 110
136 134
