1 7
1 138
2 7
3 7
3 30
3 78
3 82
3 92
5 7
6 7
7 1
7 2
7 3
7 4
7 5
7 6
7 8
7 9
7 10
7 12
7 14
7 20
7 22
7 23
7 24
7 30
7 32
7 34
7 36
7 40
7 42
7 46
7 47
7 48
7 53
7 54
7 55
7 57
7 58
7 61
7 70
7 73
7 74
7 75
7 76
7 77
7 81
7 86
7 89
7 92
7 94
7 95
7 96
7 98
7 105
7 109
7 111
7 112
7 113
7 122
7 123
7 132
7 133
7 135
7 146
7 162
8 7
8 17
8 31
8 35
8 36
9 7
10 89
11 8
12 7
13 94
14 74
16 3
17 94
18 94
19 47
21 109
22 7
23 7
23 17
24 2
24 89
25 89
26 7
26 89
27 3
27 6
28 89
31 89
33 89
35 7
36 20
37 39
38 96
39 7
40 89
41 89
41 94
42 7
43 54
44 89
45 109
46 89
47 7
47 89
47 134
47 153
47 158
47 160
47 164
48 7
49 89
49 102
50 96
51 7
52 89
53 54
54 7
54 29
54 32
54 80
54 84
54 131
54 137
55 89
56 7
56 74
57 7
59 7
59 89
60 7
60 89
61 7
62 89
63 76
64 93
65 93
66 78
66 89
66 93
67 94
67 132
69 89
70 7
71 89
72 89
73 7
74 7
74 86
74 105
75 7
76 7
76 150
77 7
77 82
77 84
77 127
77 141
78 7
80 7
81 54
83 7
84 109
84 133
85 47
85 77
85 109
86 7
87 89
88 109
89 4
89 7
89 11
89 12
89 14
89 28
89 29
89 33
89 35
89 36
89 40
89 41
89 44
89 51
89 52
89 68
89 69
89 72
89 78
89 83
89 85
89 86
89 87
89 91
89 92
89 95
89 97
89 98
89 100
89 105
89 108
89 111
89 112
89 115
89 117
89 120
89 127
89 128
89 132
89 135
89 144
90 6
91 7
91 19
91 148
93 7
93 69
93 79
93 135
93 157
94 7
94 20
94 50
94 67
94 104
94 127
94 148
94 149
95 7
95 18
95 46
95 81
95 153
96 7
96 117
96 157
96 162
97 54
97 89
98 89
98 133
99 7
100 89
103 89
105 89
106 7
106 89
106 95
107 54
107 94
108 89
109 7
109 89
109 165
110 7
110 89
111 25
111 126
111 130
111 144
111 163
112 89
112 167
113 7
116 74
116 89
118 7
118 133
119 7
120 7
121 8
121 93
121 133
122 89
123 95
123 133
124 89
126 94
126 109
127 74
127 109
131 6
132 7
133 7
133 145
133 147
133 156
134 8
136 113
137 109
137 133
139 76
139 112
140 7
140 109
140 165
141 77
142 54
142 113
143 94
143 109
144 47
146 7
146 113
147 3
147 113
148 89
148 95
149 77
149 89
149 94
149 109
150 94
150 112
151 6
152 133
153 54
154 94
155 111
156 109
161 49
161 132
166 54
167 95
168 94
