1 11
2 8
2 11
3 13
4 11
5 11
6 8
6 11
6 13
7 11
8 10
8 11
8 34
8 64
8 73
8 99
8 128
9 11
10 11
10 29
11 1
11 2
11 4
11 5
11 6
11 7
11 8
11 9
11 10
11 12
11 13
11 14
11 15
11 16
11 18
11 19
11 20
11 22
11 24
11 25
11 26
11 27
11 28
11 29
11 30
11 31
11 32
11 35
11 41
11 42
11 43
11 44
11 45
11 46
11 47
11 48
11 49
11 50
11 51
11 52
11 53
11 54
11 55
11 56
11 57
11 59
11 60
11 61
11 62
11 63
11 65
11 66
11 67
11 68
11 70
11 71
11 72
11 73
11 74
11 75
11 76
11 78
11 80
11 81
11 82
11 83
11 84
11 85
11 87
11 88
11 89
11 90
11 91
11 92
11 93
11 94
11 95
11 96
11 97
11 98
11 99
11 100
11 101
11 102
11 104
11 106
11 108
11 111
11 114
11 115
11 116
11 117
11 118
11 119
11 120
11 122
11 126
11 127
11 128
11 129
11 130
11 131
11 132
12 11
13 11
13 36
13 75
13 99
13 112
13 122
15 11
15 13
15 36
16 6
16 11
16 113
18 53
19 11
19 13
20 8
20 11
21 11
21 13
22 11
23 11
23 29
24 11
25 11
25 94
26 11
26 27
27 3
27 11
27 14
27 17
27 43
27 58
27 67
27 76
27 99
27 102
27 116
28 11
28 79
29 11
30 11
30 58
31 11
32 11
32 103
33 11
34 8
36 27
39 27
41 11
41 120
42 11
43 11
44 11
44 36
44 38
44 39
44 49
45 11
47 11
48 11
49 11
50 11
51 11
52 13
53 11
53 35
54 11
55 11
56 11
57 11
58 11
59 11
60 11
61 11
62 11
63 11
64 11
66 11
67 11
68 11
69 11
70 11
71 11
72 11
73 8
73 11
74 27
75 11
76 27
77 8
78 11
80 11
80 73
81 11
81 69
81 84
82 11
83 11
83 27
85 11
86 8
86 11
87 10
87 11
88 11
89 126
90 11
91 11
92 11
93 11
94 11
95 99
96 8
96 11
97 11
98 11
99 11
99 25
100 11
101 11
103 13
103 54
104 11
105 11
106 11
107 11
108 11
108 27
109 98
111 11
114 10
114 11
114 105
115 11
116 11
117 11
118 11
119 11
119 115
120 11
120 13
121 10
121 44
121 48
122 11
124 11
124 13
125 11
126 11
126 69
126 111
126 113
126 121
126 123
126 125
127 11
128 11
128 37
129 11
129 13
130 11
130 27
131 11
132 8
