1 149
2 149
5 71
6 125
6 138
7 138
9 107
9 147
11 127
12 103
12 127
12 147
14 127
16 107
16 148
17 138
17 149
21 106
22 138
23 86
23 138
24 125
24 134
25 125
27 149
28 71
28 86
30 71
30 138
31 149
34 103
35 148
36 71
38 138
39 107
41 127
41 138
43 135
44 71
47 125
47 138
50 71
50 127
51 149
52 125
54 107
54 148
55 71
55 125
56 148
56 149
59 127
59 138
60 138
60 149
62 148
63 103
65 71
65 135
66 71
68 125
69 149
70 138
71 48
71 62
71 70
71 76
71 93
71 102
71 107
71 110
71 146
71 149
73 74
74 73
75 127
77 106
78 106
78 149
80 138
81 61
82 149
85 32
85 107
85 149
86 10
86 26
86 64
86 149
87 86
87 149
88 119
88 149
89 107
89 149
90 127
91 149
92 106
92 148
94 127
95 125
97 149
97 152
98 96
98 149
99 125
100 57
100 107
101 138
101 147
102 71
102 138
103 149
104 149
105 133
106 57
106 78
106 99
106 127
106 149
107 10
107 13
107 15
107 63
107 86
107 105
107 112
107 140
107 149
108 113
108 149
110 16
110 71
113 138
114 125
114 149
115 135
116 71
117 135
117 143
118 134
119 127
119 138
120 85
121 48
122 125
122 149
123 85
123 138
125 24
125 25
125 37
125 42
125 53
125 58
125 76
125 107
125 131
125 149
126 148
127 9
127 17
127 21
127 29
127 31
127 40
127 50
127 53
127 56
127 59
127 62
127 64
127 67
127 72
127 88
127 93
127 94
127 99
127 100
127 109
127 124
127 126
127 131
127 139
127 141
127 148
127 149
128 127
128 149
129 106
129 127
129 138
130 29
130 106
130 149
131 135
132 147
133 131
133 149
134 107
134 149
135 3
135 28
135 49
135 148
135 149
136 149
137 148
138 3
138 4
138 6
138 8
138 18
138 19
138 20
138 23
138 34
138 39
138 42
138 47
138 48
138 50
138 52
138 56
138 65
138 66
138 70
138 84
138 100
138 114
138 122
138 123
138 124
138 142
138 145
138 149
139 127
141 138
143 20
143 36
143 81
143 83
143 118
143 149
144 38
144 149
145 138
147 3
147 47
147 95
147 139
147 146
147 149
148 2
148 7
148 14
148 15
148 22
148 25
148 46
148 48
148 75
148 79
148 89
148 106
148 135
148 137
148 143
148 149
149 1
149 5
149 33
149 47
149 58
149 64
149 67
149 69
149 71
149 80
149 81
149 82
149 85
149 86
149 91
149 96
149 98
149 100
149 103
149 104
149 105
149 107
149 108
149 117
149 124
149 125
149 127
149 130
149 133
149 134
149 136
149 137
149 138
149 140
149 143
149 144
149 147
149 148
149 150
149 151
149 152
150 132
150 149
151 149
152 107
152 149
