1 43
2 10
3 10
4 10
5 45
6 10
7 10
8 10
9 34
10 2
10 4
10 6
10 7
10 8
10 9
10 11
10 12
10 13
10 16
10 21
10 22
10 23
10 24
10 25
10 26
10 27
10 29
10 30
10 33
10 34
10 35
10 36
10 37
10 39
10 41
10 42
10 43
10 45
10 46
10 47
10 48
10 51
10 53
10 59
10 60
10 61
10 62
10 63
10 66
10 67
10 69
10 70
10 71
10 72
10 76
10 82
10 84
10 86
10 87
10 88
10 89
10 90
10 91
10 92
10 93
10 98
10 100
10 103
11 10
11 19
11 35
11 70
12 10
13 10
14 26
15 8
16 10
17 10
18 44
20 10
20 45
21 10
21 28
21 36
22 10
23 10
24 10
24 38
24 75
25 10
26 10
26 18
26 30
27 10
29 10
29 26
31 10
31 36
32 10
33 10
33 59
34 10
34 40
34 56
34 64
34 93
35 10
36 10
36 23
36 29
36 47
36 68
37 36
38 36
38 63
39 10
39 77
41 11
41 81
42 10
42 45
43 10
43 37
43 56
43 69
44 10
44 73
45 10
45 16
45 101
46 5
46 10
46 15
46 42
46 58
46 77
47 10
47 102
50 11
51 10
51 36
53 10
55 8
55 10
55 79
56 79
57 10
57 79
58 46
59 10
59 30
59 32
59 65
59 70
59 85
60 10
61 10
61 99
62 10
63 10
63 54
66 10
66 26
66 45
66 63
67 7
67 10
68 10
68 45
69 10
70 36
71 10
71 59
72 10
72 43
73 10
73 26
74 10
74 47
75 59
76 10
77 69
77 100
78 23
78 61
79 53
79 80
80 10
82 10
83 10
84 10
85 10
85 61
86 10
87 59
88 10
88 55
89 10
89 45
90 10
91 10
92 10
94 97
95 96
95 97
96 95
97 94
97 95
97 96
98 10
100 10
100 31
100 45
101 10
103 10
104 36
