1 165
2 165
3 165
4 161
6 116
6 123
7 164
8 165
9 137
10 139
11 137
12 165
14 122
15 165
16 165
17 137
17 165
18 122
19 165
20 137
20 150
21 165
22 165
23 92
23 116
24 137
25 141
26 116
26 137
27 161
29 161
30 139
30 150
31 137
32 137
32 161
33 165
34 165
35 116
37 123
37 137
38 165
39 165
41 165
42 165
43 106
43 137
45 164
48 165
49 165
51 116
51 137
52 139
53 161
54 5
54 165
55 164
55 165
57 165
58 164
58 165
59 122
60 101
61 165
62 137
62 150
63 165
64 165
65 165
66 139
66 161
70 116
72 38
72 161
73 38
73 139
74 106
76 46
76 150
77 164
78 101
79 116
81 165
82 97
84 165
85 165
86 165
87 97
87 165
88 165
89 164
90 63
90 64
90 165
91 165
93 123
95 165
96 165
97 165
99 77
99 165
100 164
101 83
101 165
102 165
103 139
103 165
104 165
106 137
106 150
106 165
107 165
108 117
108 136
108 164
109 150
110 108
111 108
113 150
114 137
115 161
116 9
116 17
116 43
116 51
116 165
117 20
117 119
117 165
117 167
118 137
118 150
118 164
119 164
120 88
120 116
121 165
122 14
122 28
122 29
122 57
122 112
122 120
122 129
122 165
122 173
123 56
123 69
123 71
123 80
123 82
123 96
123 101
123 105
123 124
123 128
123 165
124 139
124 165
125 67
125 68
125 74
125 118
125 161
125 165
126 116
126 137
127 161
128 165
129 137
129 141
129 165
130 116
130 137
132 139
134 150
134 165
135 54
136 165
137 7
137 9
137 10
137 22
137 24
137 28
137 30
137 31
137 37
137 40
137 76
137 77
137 78
137 80
137 94
137 106
137 114
137 123
137 126
137 157
137 165
138 123
138 165
139 2
139 38
139 39
139 50
139 68
139 76
139 89
139 100
139 105
139 119
139 123
139 124
139 143
139 165
140 165
141 165
142 99
142 116
142 161
143 165
144 140
144 143
145 88
146 164
146 165
147 93
147 165
148 133
148 165
149 165
150 27
150 35
150 40
150 44
150 47
150 65
150 76
150 98
150 119
150 145
150 164
150 165
150 171
151 165
152 165
153 165
154 165
155 139
156 137
156 139
157 137
158 122
158 164
159 139
159 150
159 161
159 165
160 165
161 15
161 41
161 49
161 52
161 53
161 72
161 79
161 127
161 165
162 139
163 165
164 22
164 37
164 60
164 91
164 113
164 165
165 1
165 12
165 13
165 14
165 16
165 18
165 19
165 21
165 23
165 33
165 36
165 42
165 48
165 50
165 54
165 56
165 57
165 58
165 59
165 61
165 63
165 65
165 82
165 84
165 85
165 86
165 87
165 88
165 90
165 93
165 95
165 97
165 99
165 101
165 102
165 104
165 107
165 116
165 117
165 121
165 122
165 123
165 124
165 128
165 131
165 136
165 139
165 140
165 141
165 143
165 146
165 147
165 148
165 149
165 150
165 151
165 152
165 153
165 154
165 155
165 158
165 160
165 161
165 164
165 166
165 167
165 169
165 170
166 165
167 150
167 165
168 165
169 165
172 116
172 137
173 128
