1 2
1 19
1 26
2 1
2 5
2 6
2 10
2 11
2 12
2 24
2 25
2 27
2 28
2 31
2 32
2 33
2 34
2 36
2 37
2 39
2 44
2 49
2 53
2 54
2 55
2 57
2 59
2 63
2 64
2 67
2 69
2 72
2 75
2 76
2 77
2 81
2 86
2 87
2 88
2 89
2 90
2 91
2 92
2 95
2 102
2 106
2 109
2 117
2 123
2 124
2 128
2 141
2 142
2 146
5 123
6 2
6 142
7 2
8 2
8 35
8 123
9 2
9 13
9 14
9 17
9 37
9 40
9 41
9 43
9 47
9 54
9 56
9 61
9 65
9 68
9 73
9 81
9 83
9 84
9 85
9 86
9 89
9 94
9 96
9 98
9 99
9 101
9 104
9 105
9 107
9 108
9 112
9 116
9 117
9 118
9 119
9 120
9 126
9 128
9 130
9 131
9 132
9 133
9 134
9 135
9 136
9 137
9 139
9 143
9 144
9 145
9 148
9 149
9 150
9 154
9 155
10 2
11 2
12 2
13 2
13 9
14 6
15 2
16 1
18 9
18 32
19 9
19 32
21 32
23 2
23 123
24 2
24 140
25 2
26 2
27 123
29 1
29 46
30 9
32 18
32 20
32 40
32 119
32 123
32 130
32 135
32 139
32 151
32 152
33 2
34 2
34 81
34 103
34 104
34 120
34 130
34 133
34 150
36 2
36 8
37 2
38 2
38 123
41 32
42 57
43 9
44 2
44 39
44 57
44 60
44 71
44 145
44 147
44 148
45 2
46 2
46 123
47 9
47 32
48 2
48 9
49 2
49 104
50 2
50 123
51 129
53 2
54 2
54 123
55 2
56 9
58 9
58 32
59 2
61 32
62 9
62 32
63 2
63 15
64 2
64 9
64 123
65 9
66 2
67 2
68 9
68 34
69 2
70 2
72 2
74 2
74 123
75 2
76 2
76 123
77 2
78 87
79 2
79 123
80 9
80 32
81 2
82 123
83 9
84 9
85 9
85 32
86 2
87 14
87 27
87 123
87 143
88 2
88 9
89 2
89 9
90 2
91 2
92 2
92 123
93 9
94 9
95 2
96 9
96 32
97 9
98 9
99 9
100 103
101 87
102 2
104 91
105 9
106 2
106 87
107 2
107 9
108 2
108 9
109 2
110 2
111 2
112 9
112 34
113 9
113 32
113 63
114 2
114 9
115 32
115 34
116 9
116 34
117 2
118 9
118 32
119 32
120 32
121 2
121 9
122 2
123 2
123 4
123 5
123 7
123 8
123 11
123 13
123 24
123 26
123 30
123 31
123 33
123 35
123 36
123 55
123 63
123 67
123 69
123 72
123 74
123 77
123 82
123 87
123 104
123 106
123 107
124 2
124 123
125 32
126 9
127 9
128 2
129 32
130 49
131 9
133 32
134 9
134 32
135 32
137 9
138 9
138 24
138 32
139 9
140 75
141 9
142 2
143 2
143 9
144 32
145 63
146 91
148 9
150 32
152 32
153 32
154 32
155 32
