1 71
2 59
4 49
4 52
5 22
5 46
6 17
6 18
6 19
6 20
6 27
6 42
6 57
6 59
8 46
9 52
10 9
10 46
10 61
11 45
12 71
14 45
14 71
15 32
15 88
16 46
18 49
18 65
19 46
20 65
22 46
23 65
24 46
24 52
26 46
26 52
29 49
30 48
31 46
32 6
32 27
32 52
32 63
33 6
33 46
33 52
35 53
38 52
39 46
40 46
42 46
42 52
43 46
44 63
45 2
45 52
45 71
46 1
46 5
46 6
46 8
46 16
46 19
46 20
46 22
46 24
46 25
46 29
46 31
46 33
46 38
46 39
46 40
46 43
46 51
46 54
46 56
46 58
46 59
46 60
46 64
46 67
46 68
46 69
46 70
46 72
46 77
46 79
46 84
46 91
47 71
48 30
48 46
49 9
49 15
49 52
49 59
49 76
50 71
51 46
52 3
52 9
52 29
52 32
52 34
52 45
52 49
52 59
52 63
52 65
52 87
54 65
55 59
56 46
57 46
58 46
59 6
59 12
59 13
59 15
59 21
59 33
59 34
59 35
59 46
59 48
59 52
59 61
59 63
59 65
59 71
59 75
59 90
60 46
60 59
61 46
61 82
61 87
63 4
63 13
63 14
63 44
63 45
63 49
63 50
63 52
63 59
63 62
63 65
63 71
63 74
64 46
65 52
65 59
66 71
67 6
67 46
68 46
69 46
69 65
70 46
71 35
71 47
71 53
71 59
71 62
71 78
71 80
72 17
72 46
72 77
73 6
73 46
75 59
75 63
76 85
77 59
78 71
79 46
81 45
81 76
82 52
83 49
83 52
83 59
84 46
85 46
85 59
85 63
86 49
87 45
89 35
90 59
