1 11
1 34
2 11
2 34
4 11
5 34
6 11
6 34
7 11
7 90
7 106
7 149
8 34
9 120
10 11
10 23
10 34
10 125
11 1
11 2
11 3
11 4
11 7
11 9
11 10
11 12
11 13
11 14
11 15
11 17
11 18
11 20
11 24
11 26
11 27
11 31
11 34
11 35
11 36
11 37
11 38
11 43
11 48
11 52
11 53
11 58
11 61
11 65
11 66
11 70
11 72
11 78
11 79
11 81
11 82
11 88
11 96
11 106
11 112
11 113
11 114
11 116
11 124
11 128
11 130
11 133
11 134
11 135
11 141
11 143
11 144
11 146
11 147
11 148
11 150
12 11
14 11
15 11
16 34
17 11
17 22
17 108
17 117
18 11
18 34
19 34
20 11
21 11
21 34
22 65
23 10
24 11
25 34
26 34
27 11
27 34
28 34
29 34
30 11
30 34
31 34
32 11
32 34
32 119
33 34
34 1
34 4
34 5
34 6
34 9
34 11
34 12
34 13
34 14
34 16
34 17
34 18
34 19
34 21
34 25
34 28
34 29
34 30
34 31
34 33
34 36
34 40
34 41
34 42
34 44
34 45
34 46
34 47
34 51
34 54
34 55
34 56
34 57
34 59
34 62
34 63
34 64
34 65
34 66
34 67
34 68
34 69
34 71
34 73
34 74
34 75
34 76
34 77
34 78
34 79
34 80
34 81
34 82
34 83
34 84
34 85
34 86
34 87
34 89
34 90
34 91
34 92
34 93
34 95
34 97
34 98
34 99
34 100
34 101
34 102
34 103
34 104
34 105
34 109
34 110
34 115
34 118
34 122
34 123
34 127
34 128
34 129
34 131
34 132
34 135
34 137
34 138
34 141
34 142
34 143
34 145
34 147
34 148
34 149
34 150
35 11
37 11
37 34
38 11
39 17
40 34
40 126
41 11
42 11
43 35
44 34
45 34
46 34
47 34
48 11
48 34
49 17
49 34
49 53
50 11
50 34
51 11
51 34
52 11
53 11
53 22
54 34
55 34
56 34
57 34
58 11
58 108
58 120
59 34
60 11
60 17
60 35
61 11
61 120
62 34
63 34
64 34
65 34
66 34
67 7
68 34
69 34
70 11
70 34
71 34
72 34
72 53
73 34
74 34
75 34
76 34
77 34
78 11
78 34
79 34
80 34
81 34
82 11
83 11
84 34
85 34
86 34
87 34
89 34
90 34
91 34
92 11
92 34
93 34
94 69
96 11
96 34
97 11
97 34
98 34
99 34
100 34
102 34
103 34
104 11
104 34
105 34
106 34
106 57
107 12
107 13
107 34
108 34
109 65
111 34
111 61
113 11
113 17
114 7
115 34
116 10
116 34
117 17
117 34
118 69
119 13
121 11
123 34
124 34
125 34
126 38
126 74
127 34
128 11
128 34
129 34
130 141
131 34
132 34
133 11
133 34
134 11
135 34
136 11
136 112
137 34
138 34
139 10
140 34
141 11
141 34
142 11
143 34
144 11
144 34
145 34
146 34
147 11
147 34
148 11
149 34
150 11
150 34
151 11
151 69
151 80
