2 5
2 151
3 84
4 125
5 125
6 125
6 126
8 151
9 151
10 151
14 151
16 151
17 125
18 148
19 151
20 151
21 103
22 151
23 151
24 110
25 84
26 151
27 125
28 103
28 151
29 151
30 151
31 151
32 151
34 151
35 103
35 125
35 151
36 151
37 125
37 151
38 103
38 151
39 151
40 151
41 107
42 84
42 126
43 151
44 151
46 151
47 151
48 151
49 151
50 151
53 103
54 152
55 151
56 125
57 151
58 151
60 151
61 108
61 151
62 103
62 151
63 148
64 151
65 108
66 103
67 151
68 103
68 151
70 151
71 151
72 151
73 25
73 43
73 101
73 151
74 151
75 151
76 151
77 151
78 151
79 103
80 103
81 103
81 108
81 125
82 103
82 151
83 151
84 105
84 132
84 151
84 157
85 108
85 151
86 151
87 123
87 151
88 151
89 151
90 151
91 151
92 151
94 142
94 151
95 93
96 93
97 151
98 148
99 151
100 125
101 151
102 151
102 152
103 20
103 23
103 52
103 69
103 93
103 104
103 122
103 146
103 151
104 151
106 151
107 148
107 152
108 8
108 11
108 22
108 23
108 26
108 32
108 53
108 66
108 106
108 143
108 151
109 151
110 40
110 94
110 151
111 151
112 60
112 63
112 151
113 151
114 151
115 103
116 151
117 108
117 125
118 151
121 151
122 151
124 152
125 7
125 8
125 9
125 25
125 34
125 59
125 63
125 115
125 116
125 149
125 151
126 3
126 27
126 151
127 40
127 109
127 148
128 151
129 151
130 151
130 154
131 151
134 119
134 141
134 152
135 19
135 42
135 105
135 151
136 151
136 152
137 151
138 151
140 151
142 9
142 13
142 151
143 151
144 125
144 151
145 151
146 151
147 151
148 1
148 12
148 21
148 54
148 63
148 103
148 128
148 135
148 141
148 151
148 152
149 125
149 151
150 151
151 1
151 2
151 7
151 10
151 11
151 12
151 14
151 15
151 16
151 18
151 19
151 20
151 21
151 29
151 30
151 31
151 32
151 34
151 36
151 39
151 40
151 44
151 45
151 46
151 47
151 48
151 49
151 50
151 52
151 55
151 57
151 58
151 62
151 64
151 67
151 68
151 70
151 71
151 72
151 73
151 74
151 75
151 76
151 77
151 78
151 82
151 83
151 84
151 86
151 87
151 88
151 89
151 90
151 91
151 92
151 93
151 98
151 99
151 100
151 101
151 102
151 103
151 104
151 107
151 108
151 109
151 110
151 112
151 113
151 114
151 118
151 122
151 125
151 126
151 127
151 128
151 129
151 134
151 135
151 137
151 138
151 140
151 142
151 145
151 146
151 147
151 148
151 150
151 152
151 153
151 154
152 18
152 46
152 51
152 54
152 73
152 107
152 120
152 124
152 127
152 134
152 136
152 139
152 148
152 154
153 151
154 151
155 49
155 72
157 108
