1 75
3 8
4 8
4 12
4 105
5 8
6 8
6 81
6 85
6 130
6 158
7 9
8 2
8 4
8 5
8 6
8 7
8 9
8 10
8 20
8 22
8 28
8 30
8 38
8 42
8 44
8 45
8 47
8 49
8 68
8 69
8 71
8 73
8 74
8 75
8 76
8 78
8 87
8 89
8 90
8 91
8 92
8 94
8 95
8 96
8 98
8 106
8 109
8 111
8 112
8 114
8 115
8 118
8 119
8 120
8 122
8 128
8 135
8 138
8 154
8 158
9 3
9 7
9 8
9 10
9 15
9 28
9 32
9 39
9 43
9 46
9 52
9 82
9 97
9 99
9 101
9 107
9 108
9 116
9 122
9 132
10 8
12 6
13 38
13 74
14 75
16 75
18 6
20 8
20 25
20 61
21 3
21 75
22 8
23 94
24 9
24 75
26 75
26 94
27 69
27 75
28 161
29 115
30 8
31 8
32 9
33 75
34 74
34 75
35 10
35 76
36 75
36 76
38 8
38 16
38 34
38 41
38 58
38 102
38 107
38 133
38 147
38 157
38 160
39 9
39 75
40 75
41 20
42 8
43 75
44 8
44 9
45 8
46 9
46 75
47 8
48 73
49 8
49 22
49 74
49 146
50 75
50 94
51 89
52 9
52 75
54 75
54 94
55 9
55 75
56 8
56 94
57 9
59 8
61 74
63 38
64 8
65 9
65 93
66 93
66 97
67 9
68 74
69 8
69 13
69 64
69 156
70 9
71 8
72 74
72 75
73 8
74 8
74 33
74 39
74 53
74 79
74 86
74 91
74 95
74 98
74 100
74 113
74 130
75 1
75 8
75 19
75 24
75 27
75 33
75 36
75 37
75 51
75 54
75 55
75 62
75 72
75 77
75 80
75 83
75 84
75 100
75 105
75 111
75 117
75 123
75 136
75 152
75 157
75 164
76 8
76 11
76 13
76 14
77 9
78 8
78 94
79 74
80 75
80 94
81 89
85 94
86 74
87 8
88 74
89 8
89 56
89 65
89 69
89 73
89 74
89 82
89 113
89 116
89 118
89 139
90 8
91 8
92 8
92 140
92 161
93 8
94 8
94 13
94 37
94 47
94 67
94 88
94 124
94 131
94 136
95 8
96 9
97 94
98 142
100 75
100 94
101 75
101 94
102 75
103 75
104 75
106 8
106 89
108 75
109 8
109 89
109 103
110 6
110 8
110 89
111 9
111 63
112 49
113 8
113 157
113 162
113 164
114 8
114 145
115 8
115 40
115 128
116 75
116 89
117 75
118 8
118 119
120 89
121 8
121 74
122 9
123 69
124 75
125 138
126 38
126 89
127 74
128 130
129 92
131 75
132 3
133 75
133 94
134 8
134 74
135 8
136 94
137 76
137 78
138 8
138 90
138 123
138 128
138 143
139 8
139 75
139 94
141 8
141 115
142 115
142 138
143 68
144 75
144 89
145 38
145 74
146 9
146 10
146 94
147 75
147 94
148 38
149 109
150 49
150 96
151 94
151 113
152 75
153 89
153 138
154 138
155 76
155 113
156 109
157 93
158 75
160 6
163 89
163 94
164 3
164 76
