3 2
3 56
4 16
4 24
4 51
4 56
4 58
5 10
5 37
5 48
5 49
5 56
5 100
6 46
6 47
6 56
7 46
7 56
8 56
9 56
10 38
10 56
10 67
10 74
11 38
11 46
12 45
13 37
14 56
15 37
15 38
15 47
16 56
16 91
17 24
17 35
17 37
19 40
20 27
21 10
22 47
22 56
23 16
23 46
24 47
24 56
25 46
27 56
27 77
28 56
28 96
29 4
32 56
32 74
34 35
34 56
35 11
35 29
35 30
35 46
35 51
35 56
36 18
36 56
37 30
37 73
38 56
39 27
39 46
40 27
41 46
42 10
42 38
43 46
45 32
45 56
45 68
45 80
46 2
46 5
46 7
46 11
46 24
46 28
46 33
46 36
46 47
46 48
46 53
46 54
46 56
46 57
46 58
46 86
46 92
46 94
47 1
47 22
47 56
47 60
47 94
47 98
48 46
48 57
50 3
50 46
50 48
51 56
52 16
52 46
53 46
53 56
54 83
55 5
56 2
56 4
56 5
56 6
56 9
56 11
56 14
56 16
56 25
56 26
56 27
56 28
56 29
56 31
56 32
56 33
56 35
56 37
56 38
56 41
56 43
56 45
56 46
56 47
56 53
56 54
56 60
56 61
56 62
56 65
56 66
56 67
56 70
56 74
56 75
56 79
56 82
56 91
56 94
56 97
56 98
57 48
57 56
57 59
57 76
58 23
58 46
58 56
58 69
59 12
59 37
59 46
59 47
60 45
60 47
60 56
61 56
62 56
63 46
64 62
64 63
64 66
65 48
66 32
66 46
66 47
66 56
66 93
67 56
68 35
70 58
70 94
71 47
72 46
73 11
74 56
75 46
75 56
76 48
77 46
77 55
78 10
79 46
79 56
80 46
81 4
81 26
82 47
83 47
84 5
84 47
85 46
85 56
86 66
89 57
90 56
92 46
93 47
93 56
94 46
94 56
94 96
97 46
98 47
99 46
