1 44
3 55
6 23
6 42
7 55
8 42
8 44
9 39
10 55
10 69
11 55
13 68
17 39
17 69
19 6
19 43
21 8
21 70
22 44
23 55
25 44
26 37
26 44
26 55
27 55
28 42
28 44
29 53
29 70
31 44
31 70
32 44
33 44
35 42
35 44
37 61
37 78
39 42
39 44
39 45
39 46
39 65
39 74
39 79
40 70
41 55
42 8
42 11
42 28
42 29
42 34
42 44
42 53
42 55
42 57
42 59
42 60
42 81
43 15
43 24
43 42
43 44
43 45
44 1
44 7
44 20
44 30
44 39
44 47
44 54
44 55
44 56
44 71
44 76
44 81
45 31
45 42
45 44
48 44
48 70
49 37
49 43
50 44
50 58
51 70
52 39
52 44
53 1
53 55
54 44
54 55
55 5
55 12
55 15
55 16
55 27
55 32
55 33
55 36
55 37
55 38
55 42
55 44
55 50
55 60
55 68
55 70
55 72
56 70
57 42
57 55
57 70
58 44
59 55
59 84
61 43
61 55
64 69
65 42
66 44
67 54
68 15
68 70
69 1
69 19
69 25
69 35
69 42
69 62
69 64
70 7
70 11
70 26
70 33
70 38
70 42
70 55
70 56
70 68
70 72
70 75
70 80
71 9
71 55
72 55
73 39
74 44
75 42
75 55
75 69
77 39
77 42
78 54
80 44
81 39
82 42
83 44
83 69
83 70
