1 134
2 134
3 134
4 134
5 134
6 134
7 134
8 134
9 134
10 134
11 134
12 134
13 134
14 134
15 134
16 134
17 134
18 134
19 134
20 134
21 134
22 134
23 67
24 134
25 134
26 134
27 134
28 134
29 134
30 134
31 134
32 134
33 134
34 134
35 134
36 134
37 134
38 134
39 134
41 134
42 134
43 134
44 134
45 134
46 134
47 134
48 134
49 134
50 134
51 134
52 134
53 134
54 134
55 134
56 134
57 134
58 134
59 134
61 134
62 134
63 134
64 134
65 134
66 134
67 41
67 109
67 125
67 134
68 134
69 134
70 134
71 134
72 134
73 134
74 134
75 134
76 134
77 134
78 134
79 134
80 134
81 134
82 134
83 134
84 134
85 67
86 134
87 134
88 134
89 134
90 134
91 134
92 67
94 134
96 134
97 134
98 134
99 134
100 134
101 134
102 134
103 134
104 134
105 134
106 134
107 126
108 134
109 134
110 134
111 134
112 134
113 134
114 134
115 134
116 134
117 134
118 134
119 134
120 134
121 134
122 134
123 134
124 74
125 134
126 134
127 134
128 134
129 134
130 134
131 134
132 134
133 134
134 1
134 2
134 3
134 4
134 5
134 6
134 7
134 8
134 9
134 10
134 11
134 12
134 13
134 14
134 15
134 16
134 17
134 18
134 19
134 20
134 21
134 22
134 24
134 25
134 26
134 27
134 28
134 29
134 30
134 31
134 32
134 33
134 34
134 35
134 36
134 37
134 38
134 39
134 40
134 41
134 42
134 43
134 44
134 45
134 46
134 47
134 48
134 49
134 50
134 51
134 52
134 53
134 54
134 55
134 56
134 57
134 58
134 59
134 60
134 61
134 62
134 63
134 64
134 65
134 66
134 67
134 68
134 69
134 70
134 71
134 72
134 73
134 74
134 75
134 76
134 77
134 78
134 79
134 80
134 81
134 82
134 83
134 84
134 85
134 86
134 87
134 88
134 89
134 90
134 91
134 92
134 93
134 95
134 96
134 97
134 98
134 99
134 100
134 101
134 102
134 103
134 104
134 105
134 106
134 107
134 108
134 109
134 110
134 111
134 112
134 113
134 114
134 115
134 116
134 117
134 118
134 119
134 120
134 121
134 122
134 123
134 124
134 125
134 126
134 127
134 128
134 129
134 130
134 131
134 132
134 133
134 135
134 136
134 137
135 134
136 134
137 67
