1 128
2 3
2 119
3 7
3 8
3 24
3 26
3 27
3 31
3 34
3 52
3 72
3 75
3 89
3 112
3 119
3 128
4 3
4 43
4 65
4 66
4 82
4 85
4 103
4 138
4 139
4 145
4 149
4 152
4 153
4 157
6 8
6 67
6 82
6 86
6 128
6 137
6 141
6 149
6 152
6 158
7 3
7 13
7 30
7 35
7 53
7 73
7 89
7 93
8 1
8 2
8 3
8 9
8 21
8 22
8 25
8 28
8 29
8 32
8 33
8 42
8 43
8 49
8 56
8 63
8 76
8 77
8 78
8 81
8 87
8 94
8 95
8 99
8 105
8 110
8 113
8 116
8 117
8 127
8 129
8 130
8 132
9 17
9 40
10 8
10 75
10 128
11 94
12 76
13 57
14 76
15 21
15 70
16 128
17 76
18 4
19 6
19 75
20 3
20 75
21 148
23 26
24 3
24 7
25 8
26 3
28 8
30 89
34 128
35 7
36 75
36 128
37 76
38 76
39 4
40 4
40 6
41 76
42 76
44 128
45 43
45 121
45 128
45 131
45 151
46 8
46 76
47 89
48 89
48 94
49 128
50 4
50 73
50 89
50 94
51 128
53 3
54 7
55 7
56 8
57 75
57 128
58 75
58 128
60 94
61 76
62 76
63 8
63 76
64 76
65 4
65 6
66 6
67 128
68 12
68 128
69 34
69 47
69 48
69 68
69 128
70 8
71 126
72 128
73 92
74 15
74 55
74 145
75 2
75 5
75 30
75 38
75 76
75 77
75 128
76 11
76 12
76 40
77 8
77 89
78 8
79 8
80 4
80 75
82 6
83 128
86 89
87 4
88 128
89 8
89 25
89 49
89 53
89 60
89 69
89 70
89 75
89 106
89 109
89 111
89 112
89 114
90 6
91 8
92 54
92 55
93 55
94 3
94 47
94 72
94 73
94 89
94 102
95 8
95 123
96 128
97 76
98 4
99 128
100 4
102 75
103 4
103 45
105 89
106 8
106 89
107 8
110 8
113 89
114 4
115 3
115 75
115 128
116 8
117 4
117 76
118 8
120 6
121 3
122 76
123 69
123 89
124 61
124 71
125 4
126 36
126 95
127 75
127 89
128 3
128 4
128 5
128 6
128 8
128 21
128 27
128 44
128 45
128 55
128 56
128 71
128 72
128 75
128 76
128 79
128 80
128 83
128 88
128 95
128 96
128 109
128 113
128 114
128 132
128 143
129 8
130 8
130 89
131 4
132 89
133 89
134 91
135 8
135 128
136 4
137 4
138 71
139 4
139 8
142 128
143 6
143 128
144 6
145 4
145 76
145 109
147 6
149 4
150 89
152 4
152 89
153 22
154 27
155 6
155 20
156 76
156 89
158 75
159 76
