1 7
1 19
1 44
1 67
1 90
1 93
1 118
1 129
1 134
1 135
1 139
1 149
1 150
1 164
1 178
1 179
2 7
2 8
2 21
2 22
2 32
2 41
2 46
2 60
2 68
2 70
2 72
2 79
2 91
2 97
2 106
2 109
2 122
2 123
2 125
2 130
2 153
2 161
2 166
4 7
5 7
6 7
6 33
6 36
6 37
6 48
6 56
6 76
6 86
6 104
6 127
6 128
6 135
6 158
6 163
6 165
6 169
6 170
6 174
7 2
7 3
7 5
7 6
7 8
7 9
7 11
7 12
7 13
7 14
7 22
7 23
7 24
7 26
7 27
7 28
7 29
7 30
7 31
7 34
7 35
7 36
7 37
7 38
7 39
7 41
7 46
7 47
7 49
7 50
7 52
7 53
7 54
7 55
7 60
7 64
7 65
7 68
7 69
7 71
7 72
7 73
7 76
7 77
7 78
7 79
7 80
7 81
7 83
7 84
7 85
7 89
7 96
7 97
7 98
7 101
7 102
7 103
7 106
7 107
7 108
7 110
7 111
7 113
7 121
7 122
7 124
7 125
7 126
7 131
7 133
7 138
7 141
7 142
7 143
7 145
7 146
7 153
7 157
7 158
7 162
7 167
7 174
8 7
8 129
8 134
9 7
10 1
10 2
10 102
11 7
13 39
14 2
14 7
16 2
16 7
17 6
17 102
19 8
20 1
20 6
21 7
22 7
23 7
24 7
25 2
25 7
26 7
27 7
28 7
30 7
32 7
32 141
33 1
34 2
35 7
36 7
37 7
38 7
39 7
39 88
40 7
41 7
42 6
43 78
45 126
46 2
46 7
47 7
49 7
51 7
52 7
53 7
54 7
54 12
54 58
54 61
54 62
54 78
54 82
54 177
55 7
55 67
56 7
57 7
59 7
60 7
61 7
62 6
62 102
63 7
63 141
64 2
64 7
65 7
66 2
66 141
67 1
68 7
71 7
73 54
74 7
74 53
75 7
77 7
78 172
79 7
80 7
81 7
83 2
83 7
84 7
84 141
85 7
86 141
87 141
88 1
88 6
90 6
90 113
91 6
91 102
92 1
92 2
92 7
92 113
94 100
94 141
95 7
95 54
96 7
97 7
98 54
99 7
99 141
100 2
100 7
100 66
100 94
101 7
102 7
102 71
102 105
103 7
103 141
105 7
106 7
107 141
108 2
110 2
110 7
111 7
111 141
112 1
112 6
112 141
113 7
113 114
113 117
114 141
115 1
115 113
117 2
117 113
118 117
119 7
120 54
121 1
121 141
122 7
123 7
125 7
126 7
126 94
127 1
129 141
130 78
131 7
132 1
132 6
133 7
134 119
136 54
137 6
138 141
139 2
139 113
140 54
141 7
141 15
141 18
141 42
141 44
141 51
141 54
141 59
141 105
141 107
141 119
141 129
141 133
141 134
141 137
141 145
141 149
141 153
141 157
141 168
141 179
142 7
142 130
143 7
144 1
144 6
145 2
145 7
146 7
147 7
148 104
150 50
151 2
151 7
152 7
154 6
156 1
157 2
157 141
158 6
158 7
159 2
160 1
160 6
160 141
162 7
163 123
164 2
165 1
166 2
167 6
167 7
168 141
169 7
169 176
170 141
171 7
171 77
173 2
175 141
176 39
176 77
178 1
178 6
179 2
