1 3
1 7
2 30
3 2
3 7
3 77
3 99
3 107
3 113
4 7
4 30
4 82
5 10
6 7
6 43
7 3
7 4
7 5
7 6
7 8
7 9
7 10
7 11
7 13
7 14
7 16
7 17
7 19
7 20
7 22
7 23
7 24
7 25
7 26
7 28
7 29
7 30
7 31
7 33
7 36
7 38
7 40
7 41
7 42
7 45
7 47
7 49
7 51
7 52
7 53
7 54
7 55
7 56
7 58
7 59
7 62
7 64
7 65
7 67
7 68
7 69
7 70
7 71
7 72
7 74
7 75
7 78
7 80
7 85
7 86
7 88
7 89
7 90
7 91
7 92
7 94
7 95
7 96
7 103
7 104
7 105
7 110
7 112
7 117
7 119
7 120
7 121
7 122
7 126
7 127
7 128
7 129
7 131
8 7
8 125
9 10
10 5
10 7
10 11
10 12
10 13
10 15
10 17
10 24
10 26
10 27
10 28
10 29
10 31
10 36
10 37
10 43
10 61
10 68
10 73
10 87
10 93
10 96
10 101
10 104
10 110
10 114
10 116
10 118
10 120
10 121
10 132
11 10
12 10
12 81
12 111
12 123
12 133
13 7
13 10
14 7
15 10
15 110
16 10
16 106
17 7
18 28
18 110
19 7
20 7
20 100
21 7
22 7
23 7
23 10
23 43
24 7
25 7
26 7
27 10
28 7
28 10
28 19
28 21
28 35
28 55
28 56
28 57
28 60
28 91
28 111
29 27
30 7
30 10
30 20
30 32
30 103
30 106
30 113
31 10
32 10
33 7
33 10
34 7
35 7
36 10
37 7
38 7
39 110
40 7
41 7
41 10
41 43
42 7
43 10
43 36
43 65
43 67
43 73
43 75
43 80
43 83
43 105
43 108
43 126
45 7
46 7
46 110
47 10
47 90
48 7
48 10
48 100
49 7
50 64
51 7
51 10
51 31
51 109
52 7
52 10
53 7
54 7
54 10
55 7
56 12
57 41
57 110
58 7
58 10
59 7
60 10
61 10
62 7
63 28
63 61
64 7
64 10
66 41
67 7
68 7
68 10
69 7
70 7
70 43
71 7
72 7
72 10
73 10
74 110
75 7
76 7
76 10
77 28
77 43
78 7
80 7
81 8
82 67
83 43
84 110
85 7
86 10
86 110
87 10
87 110
88 58
89 7
89 10
91 7
92 7
92 10
93 10
94 7
95 7
97 7
97 10
97 12
97 28
98 51
99 28
99 43
101 10
102 28
103 7
104 7
104 10
105 7
105 10
105 58
107 28
108 110
109 51
109 58
110 10
110 39
110 82
110 124
110 128
110 133
111 10
112 7
114 10
116 10
117 7
118 10
119 7
120 10
121 7
121 10
121 115
121 116
122 10
122 43
124 21
124 28
125 43
126 7
127 7
127 106
127 110
128 7
129 110
130 7
130 43
130 110
131 7
132 10
133 28
