1 23
1 121
2 4
2 33
3 4
3 12
3 14
3 16
3 60
3 102
3 131
3 133
3 144
4 1
4 2
4 3
4 5
4 7
4 8
4 9
4 19
4 21
4 26
4 27
4 28
4 29
4 32
4 48
4 50
4 52
4 55
4 70
4 71
4 72
4 79
4 82
4 83
4 87
4 91
4 121
5 4
6 121
6 152
7 4
7 81
7 83
7 118
7 121
7 144
7 153
8 4
8 31
8 32
9 4
9 121
10 4
10 70
11 121
12 87
14 121
15 31
15 122
17 50
17 87
17 121
18 3
18 92
19 4
20 16
20 63
20 97
20 121
20 127
21 4
22 121
24 23
25 4
25 121
26 4
27 4
27 113
27 127
27 133
27 134
27 135
27 148
28 4
29 4
30 121
31 121
33 121
34 121
35 8
35 38
36 121
37 121
38 4
39 121
40 121
41 121
42 121
43 58
44 4
45 113
45 121
46 55
47 55
49 121
50 4
50 48
50 52
50 53
51 121
52 4
53 4
54 121
55 4
56 121
57 121
58 121
58 146
59 3
59 121
60 3
60 121
61 121
64 121
65 103
66 65
66 86
66 99
67 121
67 134
69 121
70 4
71 121
72 4
73 81
73 99
73 121
73 129
73 149
74 121
75 121
76 4
76 121
77 121
78 121
79 4
80 20
80 66
80 73
82 121
84 73
84 121
85 121
86 121
87 4
87 66
87 117
87 150
88 121
89 121
90 121
91 4
92 121
92 127
92 152
93 121
94 121
95 121
96 121
97 27
98 27
98 121
100 121
101 87
101 121
102 121
103 87
104 121
105 121
106 121
107 121
108 121
109 121
110 121
111 121
112 87
113 66
115 121
117 121
118 50
119 121
120 1
120 121
121 1
121 4
121 6
121 7
121 11
121 14
121 20
121 22
121 25
121 30
121 33
121 34
121 37
121 39
121 40
121 41
121 42
121 44
121 45
121 47
121 49
121 54
121 56
121 58
121 59
121 61
121 65
121 67
121 69
121 71
121 74
121 75
121 76
121 77
121 85
121 86
121 87
121 88
121 89
121 92
121 93
121 94
121 95
121 96
121 101
121 103
121 104
121 105
121 106
121 107
121 110
121 111
121 115
121 116
121 117
121 119
121 120
121 122
121 126
121 130
121 136
121 138
121 143
121 144
121 145
122 121
123 73
125 121
126 121
127 120
128 50
130 121
131 5
131 121
132 50
133 87
136 121
137 92
138 121
139 52
139 121
140 121
141 66
141 121
142 3
143 7
143 121
145 121
147 73
148 121
149 66
149 107
150 121
151 7
151 87
152 87
152 92
153 121
154 66
