2 11
2 27
3 11
4 11
4 67
5 11
6 10
6 11
7 25
8 2
8 10
8 15
8 38
8 76
8 89
9 11
9 30
10 6
10 8
10 11
10 14
10 27
10 29
10 33
10 37
10 42
10 50
10 51
10 67
10 71
10 91
10 92
10 93
10 95
10 96
10 101
11 1
11 3
11 5
11 6
11 7
11 9
11 10
11 12
11 13
11 14
11 16
11 17
11 18
11 20
11 21
11 22
11 24
11 25
11 26
11 27
11 29
11 35
11 36
11 37
11 38
11 39
11 43
11 44
11 45
11 47
11 48
11 49
11 51
11 52
11 64
11 66
11 68
11 71
11 75
11 77
11 78
11 79
11 80
11 82
11 83
11 90
11 91
11 92
11 94
11 95
11 96
11 97
11 99
11 100
11 101
11 103
11 105
12 10
12 11
12 98
13 11
14 11
15 11
16 11
17 8
18 11
20 10
20 27
22 11
22 27
24 11
25 10
25 11
25 56
25 61
25 79
25 82
25 89
26 10
26 11
27 11
27 16
27 18
27 19
27 28
27 34
27 40
27 48
27 55
27 65
27 74
28 11
29 11
30 27
31 67
32 11
34 11
35 11
35 30
36 11
37 10
37 11
38 11
39 10
39 11
40 27
42 11
42 23
42 82
42 98
43 11
43 57
43 88
43 100
44 10
44 11
47 11
48 27
49 11
50 10
50 59
50 61
51 10
52 11
53 11
54 11
57 12
58 25
58 49
59 6
59 43
60 26
61 11
62 11
62 49
63 50
63 51
64 11
66 11
67 10
67 32
67 36
67 44
67 62
67 86
68 10
68 11
69 10
70 25
71 91
72 91
73 50
73 67
74 11
75 10
75 11
76 11
77 11
78 11
79 8
80 10
80 11
81 42
83 11
84 11
85 1
85 10
86 8
87 11
88 11
89 11
90 10
90 11
91 10
91 30
91 59
91 60
91 102
92 10
93 11
96 6
96 10
98 8
98 67
99 11
99 41
100 9
101 91
102 91
103 27
104 12
104 66
