1 3
2 3
2 22
2 27
2 30
2 32
2 34
2 39
2 59
2 65
2 84
2 94
2 103
2 105
2 126
2 143
2 145
2 148
2 150
2 156
3 1
3 2
3 6
3 7
3 8
3 9
3 10
3 11
3 13
3 14
3 15
3 17
3 18
3 20
3 21
3 24
3 25
3 26
3 30
3 31
3 32
3 33
3 35
3 36
3 37
3 38
3 39
3 41
3 42
3 43
3 44
3 45
3 46
3 47
3 48
3 50
3 51
3 52
3 54
3 56
3 58
3 59
3 60
3 61
3 63
3 64
3 66
3 67
3 68
3 69
3 70
3 71
3 73
3 74
3 75
3 76
3 77
3 78
3 80
3 81
3 82
3 83
3 87
3 88
3 89
3 90
3 91
3 92
3 93
3 95
3 96
3 97
3 98
3 99
3 100
3 101
3 102
3 106
3 107
3 108
3 110
3 111
3 112
3 113
3 114
3 115
3 116
3 117
3 118
3 120
3 121
3 122
3 125
3 126
3 127
3 128
3 129
3 131
3 132
3 133
3 134
3 135
3 137
3 138
3 139
3 140
3 141
3 142
3 144
3 146
3 151
3 152
3 153
3 154
3 155
3 156
3 158
3 160
3 161
3 162
3 163
3 164
3 165
3 166
3 167
3 169
3 170
3 171
3 172
3 173
3 174
3 175
3 176
3 179
3 180
3 182
3 183
3 186
3 188
3 189
3 192
3 193
5 2
5 39
6 3
6 40
6 101
6 177
6 179
6 185
6 186
6 187
7 3
8 2
9 2
9 3
10 3
11 3
12 2
13 3
14 2
14 3
15 3
16 3
17 3
18 2
18 3
19 3
20 3
22 15
22 16
22 18
22 181
23 3
24 3
25 3
26 3
28 2
28 3
29 3
29 39
31 3
32 3
34 2
35 3
36 3
37 3
38 3
39 2
40 2
41 3
42 3
43 3
44 3
45 3
46 3
49 3
50 3
51 3
52 3
53 2
53 3
54 3
55 3
56 3
58 3
58 56
58 176
59 5
60 3
61 3
62 69
63 3
64 3
65 2
65 3
67 3
68 3
69 3
70 3
71 3
71 147
73 3
74 3
76 3
77 3
77 183
78 3
79 3
80 3
81 3
82 3
83 3
84 3
86 69
87 3
88 2
88 3
89 3
90 3
91 2
91 3
92 3
93 3
94 2
96 3
97 3
98 3
99 3
101 3
102 3
103 2
104 3
105 3
106 3
107 3
108 3
109 3
110 3
111 3
112 2
112 3
113 3
114 3
116 3
117 3
118 3
119 3
119 122
120 3
121 3
122 3
123 3
124 122
125 3
126 3
127 3
128 3
129 3
130 3
131 3
132 3
133 3
134 3
135 3
136 3
137 3
138 3
139 3
140 3
141 3
142 3
143 81
144 3
145 5
145 147
146 3
147 2
147 47
147 104
147 125
147 150
147 151
147 157
147 184
148 2
148 188
149 2
149 3
151 3
152 3
153 3
155 3
156 3
157 3
159 3
160 3
161 3
162 3
163 2
163 3
164 3
165 3
165 147
166 3
167 3
169 3
170 3
171 3
172 3
173 3
174 3
175 3
177 3
178 3
178 6
178 39
179 3
180 3
181 112
182 3
183 3
184 3
185 3
186 3
187 3
189 2
189 3
189 147
190 6
191 3
191 147
192 3
193 3
