1 118
2 23
2 118
3 12
3 16
3 94
3 118
3 147
3 148
3 153
4 6
4 7
4 19
4 22
4 24
4 26
4 28
4 42
4 65
4 66
4 74
4 79
4 84
4 86
4 118
5 14
5 34
5 41
5 76
5 89
5 93
5 94
5 106
5 109
5 112
5 113
5 118
5 120
5 122
5 128
5 129
5 132
5 136
5 139
5 146
5 154
5 155
6 118
7 4
7 65
7 117
8 4
8 16
8 19
8 31
8 56
8 77
8 111
8 112
8 121
8 143
9 118
10 118
11 3
11 38
12 5
12 123
13 5
13 118
14 5
15 6
15 99
17 4
17 118
17 124
18 118
19 4
20 2
21 118
22 118
24 4
25 118
26 4
26 79
27 4
27 118
28 4
29 4
29 118
30 118
31 4
31 86
32 118
33 118
34 3
36 118
37 5
38 13
38 35
38 54
38 55
38 118
38 145
39 118
40 118
41 118
43 47
43 118
44 118
45 4
46 118
47 4
47 49
49 65
50 118
51 118
52 118
53 112
53 118
53 148
54 118
55 118
56 8
57 118
58 3
58 5
59 118
60 118
61 60
61 118
61 143
62 118
63 4
64 118
65 4
65 47
65 48
65 82
65 84
66 4
67 89
67 92
67 118
67 128
67 130
68 118
69 118
70 118
71 118
72 118
72 155
73 118
74 4
74 118
76 67
76 118
77 118
78 118
79 4
79 45
79 61
80 4
80 118
82 4
83 118
85 118
86 4
86 65
86 66
86 117
87 118
88 4
88 8
90 118
92 67
92 104
93 118
94 3
95 79
95 118
96 118
97 118
98 118
99 4
99 81
100 4
100 118
101 118
102 118
103 118
104 118
105 118
106 5
107 118
109 118
110 118
111 61
113 5
114 118
115 1
115 4
116 67
116 118
117 1
117 2
118 1
118 2
118 3
118 4
118 5
118 6
118 8
118 9
118 10
118 13
118 15
118 16
118 17
118 18
118 21
118 22
118 24
118 25
118 27
118 28
118 29
118 30
118 32
118 33
118 36
118 38
118 39
118 40
118 43
118 44
118 46
118 47
118 50
118 51
118 52
118 53
118 58
118 59
118 60
118 61
118 62
118 63
118 64
118 66
118 67
118 68
118 69
118 70
118 71
118 72
118 73
118 76
118 77
118 78
118 79
118 80
118 83
118 85
118 87
118 90
118 96
118 98
118 99
118 100
118 101
118 102
118 103
118 104
118 105
118 107
118 110
118 119
118 123
118 125
118 126
118 132
118 134
118 135
118 138
118 140
118 141
118 144
118 147
118 150
118 154
119 118
120 118
121 5
122 118
123 118
124 5
125 118
126 118
127 3
127 5
128 5
129 5
129 61
130 5
132 118
133 5
134 5
135 118
136 5
137 5
138 118
140 3
140 5
141 62
142 5
144 118
145 118
147 118
149 118
150 5
151 21
152 5
153 79
154 53
155 1
155 68
