1 11
2 26
3 8
3 11
4 11
5 11
5 135
5 137
5 138
6 11
7 11
8 6
8 11
8 25
8 26
8 30
8 37
8 46
8 83
8 89
8 97
8 102
8 108
8 109
8 118
8 129
8 138
8 139
9 11
10 11
10 19
11 1
11 2
11 3
11 4
11 5
11 7
11 8
11 9
11 10
11 12
11 13
11 14
11 15
11 16
11 17
11 20
11 21
11 22
11 23
11 24
11 25
11 27
11 28
11 29
11 30
11 31
11 33
11 34
11 35
11 36
11 39
11 40
11 41
11 42
11 43
11 44
11 46
11 47
11 48
11 49
11 50
11 51
11 52
11 53
11 54
11 55
11 56
11 57
11 58
11 59
11 60
11 61
11 62
11 63
11 64
11 65
11 66
11 67
11 68
11 69
11 70
11 71
11 72
11 73
11 74
11 76
11 77
11 78
11 79
11 80
11 82
11 83
11 84
11 85
11 86
11 88
11 89
11 90
11 91
11 92
11 94
11 95
11 96
11 97
11 100
11 101
11 103
11 104
11 106
11 109
11 110
11 111
11 112
11 114
11 115
11 116
11 117
11 118
11 119
11 120
11 121
11 122
11 123
11 129
11 130
11 132
11 133
11 134
11 135
11 136
11 137
11 138
11 139
12 11
12 107
13 8
13 27
14 11
15 8
16 11
17 8
17 11
18 27
19 8
20 11
21 11
22 11
22 38
22 99
22 126
22 136
23 11
24 11
25 11
26 11
27 11
27 13
27 33
27 35
27 38
27 67
27 69
27 75
27 78
27 84
27 87
27 93
27 99
27 104
27 105
27 125
27 127
27 131
27 137
28 11
29 11
29 32
30 11
31 11
33 11
34 8
34 11
35 27
36 11
37 8
37 11
38 11
38 27
39 8
40 11
40 44
41 11
42 8
42 11
43 11
44 11
46 11
47 11
48 8
49 11
50 11
50 18
51 11
52 11
52 12
53 8
53 11
53 125
54 11
55 11
56 11
58 11
59 11
60 11
61 27
62 11
63 11
64 11
65 11
66 11
66 27
67 11
68 11
69 11
70 8
70 11
72 11
73 11
74 11
76 8
76 11
77 11
78 11
79 85
80 11
81 11
81 22
82 11
83 11
84 11
84 27
86 22
87 8
88 100
89 11
90 11
91 11
92 11
92 27
94 11
95 11
96 11
98 9
98 22
99 8
100 11
101 11
102 11
103 11
104 8
106 8
107 27
108 11
109 8
109 11
110 11
110 12
111 11
112 8
112 11
113 11
114 11
115 11
116 11
116 100
117 11
118 11
119 11
119 100
120 11
120 133
121 11
122 11
123 11
124 8
125 56
126 11
127 8
128 24
129 11
130 8
131 11
131 27
132 11
133 11
134 11
134 27
135 11
136 8
136 11
137 11
137 27
138 11
139 11
