1 7
1 27
1 107
1 138
2 94
3 66
3 133
4 94
4 122
5 94
6 66
6 100
8 132
8 138
10 138
11 138
12 78
12 138
14 94
15 138
17 1
18 78
19 78
25 91
26 131
26 140
27 138
28 140
29 78
30 138
31 94
32 63
33 140
34 133
35 94
36 138
38 66
38 126
39 94
39 138
40 63
40 112
40 140
41 94
41 139
43 112
43 140
44 122
44 140
46 17
46 140
47 138
48 1
49 140
50 140
51 78
51 138
52 138
53 26
54 66
55 138
56 112
56 138
58 30
58 138
60 133
63 138
63 140
64 94
65 138
66 21
66 24
66 29
66 43
66 48
66 51
66 61
66 94
66 99
66 102
66 103
66 117
66 128
66 135
66 138
67 94
67 140
69 126
69 140
71 66
72 138
73 26
74 138
75 78
75 140
77 140
78 2
78 7
78 16
78 23
78 25
78 36
78 76
78 89
78 138
78 140
79 78
80 140
81 37
81 94
81 134
81 140
83 94
84 140
85 1
85 122
86 94
87 94
88 94
89 66
89 93
89 138
90 78
91 94
91 138
92 140
93 24
93 42
93 68
93 138
94 11
94 31
94 34
94 39
94 42
94 47
94 49
94 50
94 55
94 59
94 67
94 71
94 72
94 79
94 80
94 83
94 87
94 112
94 114
94 118
94 138
94 140
95 140
96 138
97 140
98 140
100 37
100 57
100 140
101 78
101 122
102 66
102 81
103 138
104 45
105 45
106 90
107 94
107 138
108 133
109 63
109 93
110 140
111 138
112 16
112 130
112 140
113 138
114 68
114 103
114 138
114 140
115 78
115 140
116 122
117 66
119 66
119 78
122 138
122 140
123 140
124 140
125 112
125 138
126 45
126 106
126 138
127 94
127 140
128 78
128 114
129 94
129 140
130 66
132 74
132 138
132 140
133 27
133 61
133 72
133 140
135 138
136 93
136 114
137 138
138 2
138 3
138 5
138 10
138 11
138 12
138 13
138 15
138 18
138 19
138 27
138 28
138 35
138 38
138 46
138 47
138 52
138 55
138 57
138 62
138 63
138 64
138 65
138 68
138 71
138 77
138 78
138 81
138 90
138 93
138 96
138 98
138 100
138 101
138 109
138 111
138 113
138 121
138 122
138 124
138 125
138 126
138 127
138 132
138 133
138 137
138 139
138 140
138 144
138 145
139 138
139 140
140 1
140 9
140 14
140 19
140 20
140 26
140 28
140 30
140 31
140 35
140 42
140 43
140 45
140 47
140 49
140 50
140 53
140 59
140 67
140 74
140 77
140 78
140 79
140 80
140 81
140 82
140 86
140 88
140 90
140 91
140 92
140 94
140 95
140 96
140 100
140 105
140 111
140 112
140 113
140 114
140 116
140 118
140 121
140 123
140 126
140 133
140 137
140 138
140 142
140 145
142 140
143 1
143 78
144 78
144 138
144 140
145 94
145 138
145 140
