1 140
2 140
3 140
4 104
4 140
5 140
6 140
7 140
8 140
9 140
10 140
11 140
12 140
13 140
14 140
15 140
16 140
17 140
18 140
19 140
20 142
21 140
22 140
23 140
24 140
25 140
26 140
27 140
28 140
29 140
30 140
31 140
32 140
33 140
34 140
35 140
36 140
37 140
38 140
39 140
40 140
41 140
42 140
43 140
44 140
45 140
46 140
47 140
48 140
49 140
50 140
51 140
52 140
53 140
54 140
55 140
56 140
57 140
58 140
59 140
60 140
61 140
62 140
63 140
64 140
65 140
66 140
67 140
68 140
69 140
70 140
71 140
72 84
72 140
73 84
74 140
75 140
76 140
77 140
78 140
79 140
80 140
81 140
82 140
83 140
84 140
85 140
86 140
87 140
88 126
88 140
89 140
90 140
91 140
92 140
93 140
94 140
95 140
96 97
97 140
98 140
99 140
100 97
100 140
101 140
102 140
103 140
104 140
105 140
106 140
107 140
108 140
109 140
110 140
111 140
112 140
113 140
114 140
115 140
116 140
117 140
118 140
119 140
120 140
121 140
122 140
123 140
124 140
125 140
126 140
127 140
128 140
129 140
130 140
131 140
132 140
133 140
134 140
135 140
136 140
137 140
138 140
139 140
140 1
140 2
140 3
140 5
140 6
140 7
140 8
140 9
140 10
140 11
140 12
140 13
140 14
140 15
140 16
140 17
140 18
140 19
140 21
140 22
140 23
140 24
140 25
140 26
140 27
140 28
140 29
140 30
140 31
140 32
140 33
140 34
140 35
140 36
140 37
140 38
140 39
140 40
140 41
140 42
140 43
140 44
140 45
140 46
140 47
140 48
140 49
140 50
140 51
140 52
140 53
140 54
140 55
140 56
140 57
140 58
140 59
140 60
140 61
140 62
140 63
140 64
140 65
140 66
140 67
140 68
140 69
140 70
140 71
140 72
140 74
140 75
140 76
140 77
140 78
140 79
140 80
140 81
140 82
140 83
140 84
140 85
140 86
140 87
140 88
140 89
140 90
140 91
140 92
140 93
140 94
140 95
140 97
140 98
140 99
140 100
140 101
140 102
140 103
140 104
140 105
140 106
140 107
140 108
140 109
140 110
140 111
140 112
140 113
140 114
140 115
140 116
140 117
140 118
140 119
140 120
140 121
140 122
140 123
140 124
140 125
140 127
140 128
140 129
140 130
140 131
140 132
140 133
140 134
140 135
140 136
140 137
140 138
140 139
140 141
140 142
140 143
140 144
140 145
140 146
140 147
140 148
140 149
140 150
140 151
140 152
140 153
140 154
140 155
140 156
140 157
140 158
140 159
140 160
141 140
142 140
143 140
144 140
145 140
146 140
147 140
148 140
149 140
150 140
151 140
152 140
153 140
154 140
155 140
156 140
157 140
158 140
159 140
160 140
