1 8
1 27
2 42
3 11
4 8
4 11
5 11
5 104
6 42
6 60
6 127
6 139
7 11
7 131
8 2
8 4
8 6
8 11
8 19
8 20
8 21
8 22
8 31
8 39
8 46
8 47
8 48
8 51
8 56
8 59
8 61
8 62
8 72
8 73
8 74
8 75
8 76
8 78
8 80
8 83
8 93
8 100
8 108
8 119
8 124
8 135
9 42
10 11
10 27
10 34
10 48
10 120
11 4
11 5
11 7
11 8
11 9
11 10
11 13
11 14
11 15
11 16
11 19
11 20
11 21
11 23
11 24
11 25
11 26
11 27
11 28
11 29
11 30
11 31
11 32
11 34
11 36
11 38
11 40
11 41
11 42
11 43
11 47
11 49
11 50
11 52
11 54
11 55
11 57
11 58
11 62
11 64
11 68
11 71
11 72
11 73
11 75
11 76
11 77
11 78
11 81
11 82
11 83
11 85
11 91
11 93
11 94
11 96
11 98
11 99
11 100
11 101
11 104
11 105
11 106
11 114
11 115
11 117
11 119
11 121
11 122
11 124
11 125
11 126
11 133
11 134
11 135
11 137
11 138
12 11
12 50
13 11
13 112
13 113
15 11
15 42
16 8
17 42
18 6
18 42
19 8
19 11
20 8
21 11
21 42
22 11
22 107
22 128
23 42
24 11
24 50
25 42
25 50
26 10
26 11
28 11
29 42
30 11
32 11
32 42
33 42
34 11
35 8
36 50
37 6
39 42
39 128
40 11
40 50
42 2
42 3
42 7
42 11
42 12
42 14
42 15
42 17
42 20
42 23
42 25
42 36
42 39
42 41
42 44
42 47
42 54
42 56
42 58
42 59
42 63
42 65
42 74
42 78
42 85
42 91
42 93
42 95
42 98
42 101
42 103
42 106
42 109
42 113
42 114
42 116
42 121
42 126
42 133
43 11
45 44
46 50
48 11
48 42
49 11
50 6
50 10
50 11
50 16
50 31
50 32
50 41
50 42
50 48
50 52
50 54
50 55
50 68
50 69
50 77
50 79
50 81
50 82
50 86
50 92
50 101
50 108
50 109
50 111
50 118
50 128
50 132
51 131
52 11
53 13
54 42
55 11
56 8
57 42
59 11
60 12
60 42
60 50
61 8
62 11
62 42
63 8
63 42
63 130
64 11
65 50
66 11
66 42
66 50
67 11
68 42
68 50
69 42
70 8
70 11
70 50
71 50
73 50
74 11
74 52
76 11
78 50
79 11
80 11
80 42
81 42
82 50
83 11
84 8
84 42
85 10
85 43
85 141
86 42
87 11
87 42
87 50
88 22
89 11
89 42
90 22
91 50
92 105
93 11
94 50
95 11
95 42
96 10
96 11
97 10
97 11
98 11
98 42
99 45
100 11
101 11
101 110
103 42
103 58
104 101
105 10
105 11
105 131
106 42
107 23
107 98
108 11
108 50
111 5
112 11
113 50
114 11
114 42
115 42
117 11
118 26
119 105
120 11
120 105
122 50
123 11
123 50
123 135
125 105
126 11
129 5
130 40
130 63
134 11
134 42
135 11
135 53
135 133
136 8
136 10
137 8
138 11
139 6
139 50
140 42
140 50
141 50
142 38
