2 25
2 26
3 9
3 97
5 9
6 36
7 6
7 9
7 10
7 85
8 9
9 4
9 5
9 7
9 8
9 10
9 11
9 12
9 13
9 16
9 17
9 19
9 20
9 21
9 22
9 23
9 24
9 25
9 26
9 29
9 30
9 31
9 33
9 34
9 37
9 38
9 39
9 40
9 41
9 42
9 45
9 46
9 47
9 48
9 49
9 50
9 51
9 53
9 54
9 55
9 56
9 58
9 60
9 61
9 64
9 65
9 66
9 67
9 68
9 70
9 72
9 73
9 74
9 75
9 76
9 77
9 78
9 79
9 81
9 82
9 83
9 86
9 88
9 89
9 90
9 91
9 92
9 93
9 94
9 98
9 99
9 101
9 105
9 106
9 109
9 111
9 116
9 117
9 119
9 120
9 121
9 122
9 124
10 9
10 25
10 31
10 91
10 122
11 10
12 9
13 9
13 26
14 9
14 40
15 7
16 9
17 9
18 9
18 21
19 9
20 9
20 26
21 9
22 9
22 10
23 9
24 26
24 112
25 9
26 1
26 2
26 4
26 5
26 8
26 9
26 10
26 12
26 13
26 20
26 21
26 24
26 29
26 32
26 36
26 37
26 38
26 40
26 43
26 47
26 48
26 49
26 50
26 53
26 54
26 55
26 57
26 59
26 60
26 61
26 63
26 64
26 68
26 69
26 72
26 74
26 77
26 79
26 80
26 81
26 83
26 86
26 91
26 92
26 94
26 98
26 100
26 101
26 104
26 105
26 108
26 109
26 110
26 116
26 118
26 119
26 120
26 121
27 10
27 26
27 114
28 9
29 9
31 10
32 26
32 40
33 9
34 9
35 9
36 9
37 9
38 40
40 9
40 11
40 34
40 46
40 74
40 76
40 88
40 100
41 26
41 113
42 9
43 46
44 9
45 9
45 26
46 9
46 24
47 26
49 9
50 9
50 26
51 26
51 114
52 50
53 9
53 26
54 9
55 9
55 26
57 26
58 9
58 26
59 26
60 9
61 44
62 9
62 26
63 9
63 26
65 9
65 26
66 9
67 9
67 26
68 26
69 10
69 26
70 9
71 10
71 26
72 9
72 26
73 9
74 9
74 26
75 9
76 10
77 9
78 9
79 9
80 9
80 26
81 9
81 26
82 22
83 9
84 22
84 26
85 10
86 9
86 10
86 26
87 7
87 10
88 9
90 10
91 9
92 9
93 9
93 10
93 26
94 10
95 51
96 21
97 26
98 9
98 10
98 103
99 9
101 9
101 10
103 9
105 9
105 30
105 40
105 97
106 9
107 10
108 98
110 9
111 9
111 107
112 9
114 5
115 5
116 9
117 26
118 105
119 8
119 26
120 9
121 10
122 23
123 61
125 5
125 10
