1 3
1 7
2 7
3 76
4 65
5 65
5 102
6 7
7 1
7 2
7 11
7 29
7 35
7 42
7 44
7 52
7 63
7 74
7 76
7 82
7 88
7 89
7 90
7 93
7 101
7 103
7 104
7 109
7 111
7 115
7 116
7 124
7 126
7 129
7 134
7 137
7 143
7 146
8 1
8 2
8 3
8 6
8 21
8 22
8 25
8 35
8 38
8 41
8 43
8 48
8 60
8 61
8 64
8 65
8 67
8 69
8 76
8 83
8 88
8 91
8 93
8 94
8 101
8 108
8 123
8 127
8 128
8 129
8 131
8 133
8 136
8 137
8 140
8 142
9 7
10 76
11 7
12 19
12 102
13 60
14 7
15 7
16 8
17 8
17 61
17 78
18 76
19 88
20 102
21 7
22 102
23 8
23 102
26 80
28 7
28 8
29 7
30 65
30 147
30 148
31 65
31 102
32 7
34 65
36 8
36 76
37 7
39 76
39 83
40 76
41 60
41 65
43 8
43 65
45 102
47 65
49 102
50 65
50 102
51 28
51 63
52 8
55 8
55 65
55 128
57 76
57 83
58 65
59 65
60 8
60 102
60 112
60 114
60 122
62 76
62 83
63 65
64 8
65 1
65 4
65 5
65 8
65 9
65 14
65 20
65 22
65 24
65 27
65 28
65 40
65 46
65 60
65 68
65 70
65 76
65 77
65 81
65 83
65 85
65 94
65 100
65 103
65 106
65 107
65 109
65 119
65 122
65 123
65 125
65 131
65 138
66 8
67 8
67 65
67 102
70 60
71 8
71 65
74 102
75 65
75 102
76 7
76 8
76 10
76 19
76 30
76 55
76 64
76 65
76 81
76 83
76 84
76 98
76 107
76 108
76 110
76 144
76 145
76 146
76 150
77 76
78 8
78 65
79 46
79 72
79 76
79 121
80 8
80 102
81 65
81 76
82 102
83 10
83 31
83 36
83 76
84 76
85 7
85 8
85 21
85 26
85 87
85 102
85 113
86 8
86 65
88 7
92 65
94 7
95 8
95 65
96 42
97 65
98 76
99 65
100 65
100 102
101 60
102 2
102 6
102 24
102 29
102 31
102 33
102 34
102 36
102 37
102 38
102 44
102 45
102 48
102 49
102 53
102 54
102 58
102 59
102 61
102 65
102 66
102 69
102 73
102 76
102 80
102 82
102 85
102 86
102 87
102 96
102 99
102 107
102 117
102 120
102 125
102 141
102 145
102 149
104 135
105 76
105 102
105 109
105 119
107 102
109 7
110 76
111 7
114 85
115 9
116 102
117 86
117 102
118 7
118 102
119 7
119 65
121 65
122 102
123 76
124 76
125 8
126 8
129 1
129 102
130 82
130 102
130 105
135 28
136 8
136 102
137 102
138 8
139 60
139 102
141 83
142 65
142 102
143 65
146 65
149 102
150 7
150 8
151 102
