1 143
3 10
4 10
5 82
6 10
7 10
8 10
8 82
9 10
9 33
9 38
9 48
9 51
9 138
10 1
10 3
10 4
10 5
10 6
10 9
10 12
10 17
10 20
10 25
10 28
10 37
10 40
10 46
10 62
10 65
10 66
10 67
10 68
10 69
10 70
10 78
10 82
10 83
10 84
10 85
10 86
10 87
10 88
10 89
10 90
10 94
10 98
10 101
10 105
10 107
10 108
10 109
10 110
10 113
10 114
10 117
10 118
10 128
10 130
11 2
11 10
11 111
11 127
11 143
12 10
15 120
16 82
17 9
18 85
19 69
20 10
20 142
21 69
21 82
22 70
23 11
23 107
23 108
24 10
25 9
25 10
26 10
26 87
28 10
29 87
30 37
30 70
31 10
31 82
32 69
33 70
34 9
34 82
35 85
36 10
36 11
36 69
37 10
37 30
37 59
37 93
37 120
37 145
37 154
39 20
39 69
39 70
40 10
40 15
41 10
42 70
43 10
44 85
45 70
46 10
47 10
47 82
48 149
49 88
50 143
51 108
52 82
54 70
55 10
55 108
56 10
56 69
57 82
58 10
58 70
61 107
63 10
63 57
63 61
63 82
64 29
64 87
64 137
65 22
66 10
67 10
68 88
69 3
69 10
69 12
69 18
69 21
69 32
69 42
69 53
69 97
69 116
69 120
69 138
69 150
70 10
70 12
70 35
70 50
70 74
70 75
70 92
70 125
71 10
72 150
73 69
75 10
77 82
81 108
82 8
82 10
82 14
82 29
82 50
82 52
82 54
82 60
82 65
82 75
82 77
82 79
82 80
82 83
82 84
82 85
82 88
82 90
82 101
82 106
82 130
82 148
82 152
82 155
84 10
85 10
85 73
85 117
85 124
85 139
85 141
86 10
87 10
87 11
87 26
87 44
87 73
87 76
87 77
87 79
87 80
87 81
87 99
87 105
87 113
87 131
87 138
87 151
88 82
88 127
89 10
89 96
90 10
90 82
92 70
93 70
94 82
96 70
96 88
96 108
98 107
99 37
99 70
99 88
101 10
101 14
102 10
104 50
106 10
106 19
106 82
107 2
107 31
107 36
107 38
107 40
107 41
107 47
107 51
107 53
107 55
107 60
107 62
107 75
107 76
107 77
107 82
107 90
107 95
107 98
107 103
107 112
107 134
107 140
107 152
108 10
108 38
108 74
108 78
108 92
108 144
108 149
109 10
109 121
109 153
110 69
110 82
113 87
114 10
115 107
118 10
118 85
119 10
120 88
121 88
124 10
124 82
125 87
126 11
128 10
129 10
130 10
131 82
131 87
131 108
132 87
132 107
133 87
134 87
135 108
136 87
137 9
138 69
140 10
140 70
141 64
142 73
144 109
146 9
146 11
146 82
147 83
147 85
147 107
148 82
148 87
149 37
150 64
151 107
153 82
153 86
154 10
