1 7
2 7
2 16
2 78
3 7
3 146
3 168
4 7
5 7
6 7
6 127
6 157
6 160
7 1
7 2
7 3
7 6
7 8
7 9
7 10
7 17
7 20
7 21
7 24
7 26
7 27
7 28
7 29
7 32
7 33
7 35
7 36
7 41
7 42
7 44
7 45
7 46
7 47
7 48
7 51
7 52
7 53
7 54
7 56
7 58
7 60
7 61
7 64
7 66
7 67
7 68
7 69
7 70
7 72
7 76
7 77
7 78
7 79
7 80
7 82
7 83
7 84
7 86
7 92
7 94
7 95
7 96
7 97
7 98
7 99
7 101
7 104
7 113
7 116
7 117
7 118
7 119
7 120
7 132
7 133
7 138
7 139
7 140
7 143
7 148
7 152
7 158
7 159
7 160
7 165
8 7
8 31
9 5
9 7
9 11
9 18
9 25
9 30
9 37
9 43
9 45
9 50
9 57
9 59
9 65
9 67
9 68
9 71
9 73
9 75
9 79
9 81
9 85
9 89
9 91
9 103
9 105
9 106
9 107
9 108
9 109
9 110
9 113
9 119
9 120
9 121
9 123
9 128
9 130
9 131
9 135
9 136
9 141
9 142
9 153
9 156
9 159
9 162
9 170
9 173
10 7
10 126
11 9
13 7
13 21
13 80
14 2
15 7
15 9
15 21
16 2
17 7
17 21
18 21
19 7
19 80
20 7
21 7
21 14
21 16
21 38
21 84
21 89
21 126
21 153
21 157
21 166
22 2
22 7
23 2
23 7
24 7
24 21
25 7
25 9
26 7
27 7
28 3
28 7
29 3
30 9
31 7
32 7
33 9
34 7
34 9
35 7
35 86
36 7
37 9
39 1
39 139
41 7
42 7
42 38
43 9
44 7
45 7
45 9
46 7
47 7
48 7
49 9
50 7
51 7
52 7
52 167
52 169
53 7
53 12
54 7
55 80
56 7
57 9
58 7
59 9
60 7
61 9
63 21
65 9
66 7
67 7
68 9
69 7
70 7
71 9
72 138
73 7
73 9
74 7
74 9
75 9
76 7
77 7
78 7
79 9
80 7
80 150
81 9
82 7
83 9
84 7
85 9
86 3
87 9
89 9
90 7
90 99
91 9
92 7
93 9
94 7
94 9
95 7
96 9
97 7
98 7
98 9
99 7
99 62
99 158
101 7
102 9
103 7
103 9
104 7
104 9
105 9
105 138
106 9
107 9
108 9
109 9
110 99
111 9
112 113
113 7
114 9
114 111
115 53
116 7
117 7
117 9
118 7
118 138
119 7
120 7
121 7
122 7
123 9
124 7
124 9
125 9
126 10
126 140
127 104
128 9
129 9
130 9
130 138
132 9
132 99
133 9
134 53
135 9
136 9
136 138
137 80
138 7
138 25
138 62
138 65
138 74
138 90
138 97
138 116
138 118
138 121
138 139
138 140
138 142
138 144
138 154
138 162
138 164
138 165
140 7
141 9
142 9
142 138
143 7
144 21
144 69
145 138
146 21
147 7
147 9
147 21
148 7
149 9
151 9
151 79
152 9
153 9
153 138
154 9
154 10
155 99
156 21
158 7
158 80
159 21
162 6
162 9
163 9
163 80
163 99
164 138
166 3
166 9
167 42
168 21
168 138
169 9
169 70
170 9
171 9
172 21
173 9
