1 3
1 4
1 152
2 152
3 108
3 110
3 152
4 129
5 108
6 152
7 152
8 152
9 153
10 152
11 108
11 153
12 153
13 152
14 152
15 152
16 152
17 152
18 152
19 152
20 108
21 81
21 152
22 48
22 135
23 135
24 152
25 72
25 111
25 153
26 1
26 108
26 110
26 138
27 152
27 153
28 152
30 152
31 152
35 152
36 153
38 108
38 152
39 152
40 138
40 152
41 1
42 108
42 152
43 140
43 153
44 146
45 152
46 152
47 152
49 152
51 152
52 153
53 152
54 135
54 136
54 139
55 152
57 153
58 152
59 152
62 129
62 152
65 108
65 153
67 146
67 152
69 108
69 138
70 129
71 108
71 152
72 83
72 152
73 107
73 152
74 152
75 152
76 146
76 152
78 152
79 108
80 108
80 110
80 152
82 152
83 152
84 83
84 115
84 152
85 110
86 152
87 110
87 146
87 152
88 152
88 153
89 152
90 42
90 152
91 152
92 152
93 153
94 56
94 152
95 98
95 152
96 108
96 138
97 98
98 152
99 90
100 138
100 152
101 108
102 108
103 152
104 152
104 153
105 152
106 138
107 55
107 152
108 3
108 5
108 7
108 17
108 49
108 64
108 65
108 70
108 76
108 116
108 145
108 152
109 120
109 152
110 24
110 34
110 35
110 48
110 58
110 65
110 72
110 76
110 77
110 85
110 87
110 88
110 92
110 100
110 130
110 134
110 152
110 158
110 163
111 27
111 51
111 63
111 64
111 152
112 129
112 153
113 152
114 146
114 153
117 108
120 138
121 152
122 136
122 152
123 146
124 112
124 153
125 152
126 152
127 110
128 117
128 152
129 35
129 53
129 55
129 61
129 73
129 80
129 110
129 128
129 143
129 152
130 110
130 152
131 146
132 108
133 152
135 20
135 63
135 85
135 152
136 23
136 66
136 152
137 50
137 152
138 40
138 152
139 100
139 152
140 50
140 152
142 88
142 108
142 152
143 152
144 110
144 152
144 153
145 108
145 152
146 9
146 10
146 116
146 120
146 141
146 152
147 25
147 152
148 88
148 110
149 72
149 88
149 90
150 146
150 152
151 108
151 138
151 153
152 1
152 2
152 5
152 6
152 9
152 10
152 13
152 14
152 15
152 16
152 17
152 18
152 20
152 21
152 22
152 23
152 24
152 27
152 28
152 29
152 30
152 31
152 35
152 36
152 40
152 42
152 44
152 45
152 46
152 47
152 48
152 49
152 52
152 55
152 57
152 58
152 60
152 61
152 63
152 67
152 70
152 71
152 72
152 73
152 74
152 75
152 78
152 79
152 82
152 83
152 84
152 86
152 87
152 88
152 90
152 91
152 92
152 94
152 99
152 100
152 101
152 103
152 104
152 105
152 107
152 108
152 109
152 110
152 111
152 113
152 117
152 118
152 119
152 121
152 122
152 126
152 128
152 129
152 131
152 133
152 135
152 136
152 137
152 138
152 139
152 140
152 143
152 146
152 147
152 150
152 153
152 155
152 157
152 159
152 162
153 8
153 11
153 53
153 114
153 152
153 154
154 153
155 152
156 152
157 149
157 152
158 152
158 153
160 152
