1 3
1 4
1 17
1 22
1 27
1 36
1 40
1 52
1 65
1 68
1 101
1 121
1 135
1 167
3 1
3 21
3 23
3 25
3 27
3 32
3 37
3 46
3 49
3 53
3 58
3 63
3 64
3 67
3 68
3 70
3 71
3 72
3 73
3 77
3 89
3 93
3 94
3 96
3 100
3 104
3 107
3 112
3 117
3 118
3 120
3 125
3 129
3 130
4 1
4 22
4 25
5 128
5 148
5 158
6 27
7 164
8 11
8 12
8 27
8 50
8 74
8 75
8 84
8 118
8 129
8 132
8 140
8 142
8 143
8 144
8 146
9 3
10 14
10 27
10 127
10 132
10 139
10 161
10 165
14 8
14 27
15 3
15 17
16 27
17 11
17 27
17 50
17 75
17 129
17 132
17 141
17 142
17 146
17 148
17 150
17 152
17 154
17 161
18 27
19 27
20 17
21 3
22 27
24 27
25 27
26 27
27 1
27 2
27 3
27 5
27 8
27 9
27 10
27 13
27 16
27 17
27 18
27 19
27 21
27 22
27 23
27 24
27 26
27 28
27 29
27 30
27 31
27 32
27 33
27 35
27 36
27 37
27 41
27 42
27 43
27 44
27 45
27 46
27 47
27 48
27 49
27 51
27 53
27 54
27 55
27 56
27 57
27 58
27 59
27 60
27 61
27 62
27 63
27 64
27 65
27 68
27 69
27 71
27 73
27 74
27 76
27 77
27 79
27 80
27 81
27 82
27 83
27 85
27 86
27 87
27 88
27 89
27 90
27 91
27 92
27 93
27 94
27 99
27 100
27 102
27 103
27 104
27 105
27 106
27 107
27 108
27 109
27 110
27 111
27 113
27 114
27 115
27 116
27 117
27 118
27 119
27 120
27 121
27 122
27 123
27 124
27 125
27 126
27 127
27 128
27 136
27 141
27 142
27 148
27 154
27 155
27 163
28 27
29 27
31 3
32 3
33 27
33 168
34 27
35 27
36 1
36 27
36 131
36 134
36 147
36 158
37 3
37 27
38 27
39 3
39 27
40 1
40 27
41 27
41 39
42 27
43 27
43 137
44 3
44 27
45 27
46 3
46 27
47 27
47 138
47 167
48 27
49 8
50 3
50 8
51 27
53 3
54 3
55 27
56 27
57 3
57 27
58 3
58 27
59 27
60 27
61 27
62 27
63 3
64 27
64 158
65 20
65 27
65 146
66 3
67 3
68 27
69 27
70 3
70 27
71 3
71 27
72 3
73 27
77 3
77 27
78 3
78 8
78 27
79 27
80 8
81 1
82 7
82 8
82 27
83 27
84 3
85 27
85 163
86 3
86 27
87 27
88 27
89 3
91 3
91 27
91 127
91 155
92 3
92 27
93 3
93 27
94 27
95 27
95 96
96 3
96 27
97 27
97 96
99 27
100 27
101 3
101 27
102 27
103 27
104 3
104 27
105 27
105 158
105 168
106 3
106 27
107 27
108 3
109 27
110 3
110 27
111 3
111 27
112 3
112 27
113 3
113 27
114 3
114 27
115 27
116 3
116 27
117 27
119 3
120 27
121 27
121 123
121 124
122 8
122 27
124 27
125 27
126 27
127 1
127 3
128 62
130 3
133 48
134 10
134 121
135 8
135 17
139 3
140 8
140 27
141 27
143 88
144 8
144 65
145 8
145 21
146 27
150 48
151 54
153 6
154 10
156 8
157 10
157 65
159 10
159 35
160 40
160 47
162 17
162 43
162 47
163 55
164 21
164 121
165 17
165 30
165 48
166 4
166 36
166 40
166 107
167 27
168 35
169 3
169 27
170 8
