1 5
2 5
2 49
2 74
2 133
3 5
3 8
3 27
3 50
3 51
3 92
3 93
3 119
3 130
3 138
3 142
4 5
4 10
4 16
4 20
4 22
4 24
4 25
4 29
4 30
4 31
4 33
4 38
4 54
4 57
4 58
4 59
4 66
4 67
4 68
4 70
4 71
4 74
4 84
4 86
4 88
4 89
4 91
4 94
4 95
4 96
4 97
4 103
4 104
4 105
4 106
4 107
4 108
4 110
4 129
4 146
5 3
5 4
5 9
5 13
5 17
5 20
5 21
5 22
5 23
5 24
5 26
5 30
5 31
5 37
5 39
5 40
5 42
5 46
5 49
5 53
5 61
5 65
5 69
5 83
5 85
5 87
5 88
5 94
5 97
5 103
5 105
5 106
5 108
5 109
5 123
6 5
6 11
6 28
6 29
6 56
6 72
6 79
6 89
6 90
6 109
6 131
6 132
6 144
6 147
6 151
6 152
6 154
8 4
8 80
9 4
9 5
10 4
11 9
11 20
12 20
13 20
13 88
14 20
14 27
14 46
15 20
16 4
17 4
17 5
17 26
18 4
18 6
18 123
19 3
19 8
20 4
20 11
20 12
20 13
20 14
20 15
20 19
20 34
20 36
20 37
20 55
20 57
20 70
20 72
20 73
20 93
20 111
20 113
20 114
20 115
20 116
20 120
20 124
20 130
20 131
20 143
20 145
20 149
20 150
20 153
21 5
22 4
23 20
25 4
26 5
27 5
27 112
27 142
30 5
31 4
32 4
33 4
33 5
34 4
34 20
35 3
36 8
36 20
37 5
37 51
37 52
37 54
38 4
40 5
40 12
40 143
41 4
41 5
43 4
43 5
44 4
45 5
47 5
48 53
49 5
49 88
50 4
51 4
52 4
53 4
53 5
55 6
55 20
58 4
60 4
60 8
61 5
62 5
62 45
63 4
63 5
64 4
65 4
65 5
66 4
66 5
66 48
67 5
67 126
68 4
69 5
70 4
70 5
71 5
72 20
73 20
74 4
74 20
75 4
75 5
76 3
77 88
78 40
79 108
80 66
81 108
82 5
84 4
84 5
85 4
85 5
86 4
87 4
88 5
88 134
89 20
91 4
92 4
93 4
94 4
94 5
95 4
97 4
99 98
102 3
102 88
102 98
104 4
105 4
105 5
106 4
107 4
108 5
108 98
110 5
111 20
112 40
113 4
113 20
114 20
115 4
115 5
116 20
117 66
118 67
119 4
119 5
120 4
121 88
122 4
122 5
122 128
123 5
123 128
124 2
124 20
125 4
126 3
127 4
129 4
130 4
131 6
132 20
133 2
133 4
133 20
134 4
136 6
136 8
136 20
137 2
137 4
138 3
139 108
140 20
141 20
141 66
142 6
143 9
143 20
144 20
145 20
148 6
148 20
149 20
150 3
150 9
153 6
153 40
155 3
155 20
156 6
