1 9
2 9
3 9
3 44
3 54
3 103
3 109
4 24
5 15
5 33
5 104
5 108
6 9
6 59
7 5
7 9
7 10
7 13
7 23
7 37
7 50
7 59
7 93
8 9
8 68
9 1
9 3
9 4
9 5
9 6
9 7
9 8
9 10
9 11
9 12
9 14
9 15
9 17
9 18
9 20
9 23
9 24
9 25
9 26
9 27
9 28
9 30
9 32
9 34
9 35
9 38
9 39
9 40
9 41
9 43
9 45
9 46
9 47
9 48
9 49
9 52
9 54
9 55
9 59
9 60
9 61
9 64
9 65
9 72
9 73
9 78
9 80
9 81
9 82
9 83
9 84
9 86
9 89
9 90
9 94
9 96
9 97
9 98
9 99
9 101
9 103
9 105
9 106
9 107
9 111
9 113
9 114
9 115
9 116
9 118
9 119
9 120
9 121
9 122
9 123
9 124
10 9
10 74
10 77
11 9
11 10
12 9
12 59
13 9
14 24
14 37
15 9
15 45
16 3
16 9
17 9
18 8
18 9
19 7
19 24
20 9
20 83
21 9
22 9
22 44
23 9
24 9
24 19
24 37
24 56
24 62
24 70
24 105
24 124
24 125
25 9
26 9
26 29
26 30
26 31
27 9
27 28
27 80
27 88
27 103
28 45
29 59
30 45
32 45
32 59
33 115
34 3
34 27
35 9
35 59
36 59
37 24
38 9
39 9
41 5
42 9
42 32
42 92
44 83
45 9
45 28
45 40
45 51
45 66
45 68
45 127
46 9
46 59
47 9
47 10
48 24
49 9
50 38
50 45
51 3
51 9
51 24
52 9
53 9
54 9
54 83
55 5
55 9
56 5
57 9
57 24
58 5
59 9
59 22
59 23
59 37
59 39
59 40
59 42
59 47
59 63
59 70
59 83
59 85
59 86
59 93
59 95
59 96
59 98
59 99
59 101
59 112
59 116
59 120
59 122
59 125
59 126
60 9
61 9
63 59
64 5
64 8
65 9
66 8
67 114
68 9
69 83
70 9
71 26
72 27
72 59
73 9
74 26
75 9
76 9
76 42
76 45
76 83
77 45
78 24
79 45
80 9
82 9
82 59
83 85
84 9
85 9
85 24
87 24
89 112
90 9
91 112
93 59
95 9
96 9
97 9
99 9
100 9
101 9
102 9
105 24
105 59
107 9
107 59
107 127
109 71
110 83
110 118
111 9
112 9
112 59
113 9
114 9
114 59
115 9
115 24
115 45
116 9
116 59
117 9
117 114
118 9
119 9
122 9
122 10
123 112
124 59
127 10
127 24
