1 7
2 7
2 27
2 125
3 7
3 31
3 33
3 76
4 7
5 7
6 7
7 1
7 2
7 3
7 4
7 5
7 6
7 8
7 9
7 10
7 11
7 12
7 14
7 15
7 16
7 17
7 18
7 21
7 22
7 23
7 24
7 25
7 26
7 27
7 28
7 29
7 30
7 31
7 32
7 33
7 35
7 36
7 37
7 38
7 39
7 40
7 41
7 42
7 43
7 45
7 46
7 47
7 48
7 49
7 50
7 51
7 52
7 55
7 56
7 57
7 58
7 59
7 60
7 61
7 63
7 66
7 67
7 68
7 69
7 70
7 72
7 73
7 74
7 75
7 77
7 78
7 79
7 80
7 81
7 82
7 84
7 86
7 87
7 89
7 90
7 91
7 93
7 95
7 96
7 97
7 99
7 100
7 101
7 102
7 103
7 107
7 108
7 111
7 115
7 116
7 117
7 120
7 121
7 122
7 123
7 128
7 130
7 131
7 135
8 7
9 7
9 27
10 27
11 7
12 7
13 7
13 28
14 7
14 106
15 7
16 7
17 7
18 7
19 7
20 7
21 7
22 7
23 7
23 28
24 7
25 7
25 19
25 34
25 58
25 61
25 70
25 89
25 101
25 115
26 7
27 7
27 137
28 7
28 65
28 84
28 98
28 102
28 133
29 7
30 7
30 14
31 7
32 7
34 56
35 7
36 7
37 7
37 25
38 7
40 7
40 136
41 7
42 7
43 7
44 27
44 48
44 123
45 7
46 7
48 7
49 7
50 7
52 7
52 105
52 137
53 7
54 14
54 123
55 7
56 7
56 34
56 47
56 91
56 94
57 7
58 7
59 56
60 7
61 7
62 2
63 7
64 7
64 25
65 7
66 7
67 7
68 7
69 7
69 110
70 7
71 72
71 73
72 7
72 71
73 7
74 7
75 7
76 7
76 25
77 7
78 7
79 7
80 7
81 7
82 7
85 7
87 7
87 25
87 56
88 7
88 25
89 7
90 3
91 7
92 7
92 56
93 7
94 7
94 56
95 7
96 7
96 116
97 28
98 7
98 56
99 7
100 7
101 7
102 7
103 7
104 56
106 56
106 87
107 7
107 116
108 7
110 69
111 7
112 56
113 7
114 56
116 7
116 20
116 83
116 125
117 7
118 7
119 25
119 56
119 127
121 7
122 7
122 108
122 120
123 7
123 121
123 131
124 25
126 2
126 8
127 1
128 7
128 25
129 25
130 7
131 7
132 7
132 116
133 7
134 28
135 7
135 25
137 72
138 7
