1 14
2 15
4 16
6 13
6 15
7 13
9 13
9 14
10 13
10 14
10 15
11 13
11 15
12 13
12 15
12 23
12 62
13 2
13 7
13 8
13 9
13 10
13 11
13 14
13 15
13 16
13 17
13 20
13 21
13 22
13 25
13 29
13 30
13 33
13 34
13 36
13 37
13 40
13 41
13 44
13 45
13 46
13 47
13 48
13 49
13 51
13 54
13 60
13 67
13 68
13 70
13 79
13 80
13 84
13 87
13 90
13 91
13 92
13 93
13 95
13 98
13 99
13 101
13 104
13 105
13 106
13 109
13 111
13 112
13 114
13 120
13 121
13 125
13 126
13 127
13 128
13 129
13 131
13 132
13 133
13 136
13 137
13 140
13 141
13 145
14 13
14 24
14 45
14 51
14 54
14 74
14 99
14 108
14 129
14 133
14 137
15 2
15 6
15 8
15 10
15 12
15 13
15 18
15 26
15 27
15 28
15 30
15 31
15 36
15 43
15 45
15 58
15 63
15 64
15 69
15 71
15 79
15 88
15 94
15 96
15 97
15 103
15 104
15 107
15 110
15 114
15 115
15 117
15 119
15 121
15 122
15 130
15 135
15 137
15 139
15 140
15 142
15 143
16 13
16 38
16 42
16 56
16 86
16 125
16 138
17 15
18 15
19 16
19 120
20 15
20 16
21 15
22 12
22 15
23 15
23 68
25 13
25 15
26 15
27 15
28 14
28 68
29 5
29 13
29 41
29 42
29 69
29 70
29 71
29 82
29 85
29 100
29 110
29 122
29 123
29 135
29 138
29 140
30 13
31 13
31 14
32 13
32 15
32 29
32 98
33 16
33 35
34 13
34 15
35 13
37 83
38 14
39 69
39 133
40 25
40 59
41 30
43 15
43 41
44 3
44 13
44 15
46 13
46 15
47 15
48 15
51 13
51 14
51 15
52 13
53 13
54 13
56 7
56 15
57 13
57 14
58 15
59 16
60 13
61 15
61 68
62 68
63 68
64 13
64 15
66 13
66 133
67 15
68 1
68 13
68 50
68 55
68 65
68 75
68 79
68 82
68 115
69 65
72 15
74 16
74 93
75 14
76 32
76 83
77 15
77 133
78 32
78 68
80 68
81 15
83 13
83 68
84 15
84 86
85 13
85 14
86 104
88 13
88 68
89 15
90 29
92 13
92 15
93 14
93 37
93 42
93 74
93 77
94 13
94 15
95 13
96 15
97 15
98 13
99 13
99 15
100 13
101 124
102 124
103 15
104 13
104 14
105 15
105 29
106 13
107 68
108 13
109 13
111 13
112 13
112 29
114 13
116 13
117 15
118 13
118 14
118 93
119 13
120 13
121 13
121 29
124 13
126 13
126 15
127 13
128 14
128 29
130 29
131 13
132 14
132 131
133 15
134 13
134 131
135 13
135 29
136 15
137 13
138 13
138 14
138 16
139 15
140 13
140 15
140 124
141 13
144 67
145 44
145 133
