1 81
2 9
3 9
4 81
5 4
5 10
5 58
5 126
6 9
6 111
7 9
8 9
8 10
8 38
8 130
9 1
9 2
9 3
9 4
9 5
9 7
9 8
9 10
9 12
9 14
9 18
9 21
9 22
9 23
9 24
9 25
9 27
9 28
9 29
9 30
9 31
9 34
9 35
9 44
9 46
9 53
9 54
9 56
9 57
9 59
9 63
9 64
9 66
9 67
9 74
9 78
9 79
9 81
9 82
9 84
9 85
9 92
9 93
9 94
9 100
9 101
9 102
9 103
9 104
9 106
9 107
9 108
9 110
9 111
9 112
9 113
9 115
9 116
9 117
9 121
9 127
9 130
9 134
9 135
10 5
10 8
10 9
10 11
10 26
10 28
10 34
10 44
10 45
10 63
10 65
10 81
10 83
10 84
10 89
10 91
10 96
10 105
10 111
10 114
10 116
10 118
10 128
10 132
10 133
11 9
11 10
12 9
13 40
14 63
15 8
16 42
17 5
17 81
18 40
19 9
19 81
20 9
20 55
21 9
22 29
22 42
23 9
23 81
24 9
24 81
25 9
26 10
26 38
27 9
27 10
27 55
28 20
28 37
28 71
28 99
29 9
29 10
29 32
29 34
29 36
29 130
30 9
30 10
30 62
31 9
33 40
33 65
35 10
37 9
37 81
38 65
39 9
39 10
40 9
40 10
40 56
40 74
40 88
40 90
40 95
40 98
40 125
40 133
41 9
41 46
41 81
42 9
42 62
42 63
43 40
45 9
45 63
47 9
48 9
49 9
50 40
51 9
51 81
52 81
54 42
55 9
55 30
55 111
55 127
57 9
58 40
58 64
59 81
60 40
61 9
61 64
63 10
63 36
63 80
63 97
64 10
64 62
65 22
65 57
65 64
65 75
65 85
66 9
66 10
66 81
67 9
67 81
68 9
69 9
70 5
70 12
71 65
72 10
72 40
73 8
73 41
74 9
76 9
76 65
76 81
77 9
78 9
78 82
80 10
81 4
81 10
81 17
81 19
81 26
81 27
81 30
81 32
81 33
81 37
81 39
81 43
81 52
81 64
81 65
81 90
81 94
81 103
81 116
81 119
81 121
81 126
81 127
81 129
81 134
82 9
82 56
82 81
83 10
83 81
84 10
85 9
86 42
87 40
89 81
90 9
91 9
91 111
92 9
92 65
94 9
94 81
95 63
95 81
96 10
98 9
98 65
99 67
100 42
100 65
101 9
101 63
102 9
102 10
102 81
103 10
103 81
104 9
105 9
105 111
106 9
107 63
107 65
108 9
108 10
108 81
109 9
109 10
109 55
109 81
110 9
110 81
111 10
111 50
111 101
111 120
111 130
112 5
112 9
113 9
114 10
114 81
115 9
115 63
116 9
116 10
116 63
117 9
117 87
118 63
119 10
119 81
120 28
121 9
122 123
122 124
123 122
123 124
124 122
124 123
125 81
126 9
127 81
127 133
128 81
129 81
131 5
131 63
132 10
133 63
134 9
134 42
135 42
