1 68
1 141
2 123
2 141
3 126
3 141
4 70
4 141
6 138
7 114
8 142
11 91
12 114
12 141
13 141
17 106
18 141
19 69
19 91
19 138
21 113
21 114
22 116
23 1
23 138
23 141
23 142
24 141
24 142
26 141
27 141
28 141
29 141
30 142
31 141
32 137
34 141
35 126
35 138
36 2
36 141
37 141
38 115
38 141
39 132
39 137
40 91
40 141
41 91
41 141
43 114
43 138
43 141
44 112
44 141
46 114
46 141
47 138
47 141
48 141
49 141
50 91
51 114
53 126
54 141
55 141
56 141
57 141
58 141
60 141
61 141
62 70
62 116
63 141
65 141
67 75
69 134
69 141
70 30
70 86
70 91
72 64
72 141
73 141
74 141
75 124
75 141
76 141
77 141
78 72
79 141
80 56
81 141
82 114
82 116
82 141
83 141
84 141
85 141
86 1
86 141
87 141
88 141
89 68
89 141
90 141
91 9
91 11
91 14
91 48
91 76
91 84
91 114
91 131
91 141
91 152
92 141
94 138
94 142
95 141
96 71
96 138
98 141
98 142
99 138
101 70
102 69
102 132
102 142
103 141
104 142
105 137
106 141
107 91
108 56
109 92
109 133
110 112
111 54
111 56
111 69
111 90
111 114
112 24
112 132
112 141
113 14
113 114
113 141
114 13
114 28
114 33
114 38
114 56
114 59
114 61
114 85
114 93
114 94
114 98
114 99
114 119
114 141
115 31
115 51
115 97
115 141
116 61
116 119
116 141
118 141
120 141
121 114
121 142
122 141
123 141
124 69
124 144
125 69
126 141
126 148
127 141
128 141
129 138
129 141
131 91
131 141
132 66
132 80
132 136
132 141
132 147
133 91
133 141
133 148
134 141
135 91
137 39
137 52
137 67
137 141
138 2
138 6
138 15
138 16
138 34
138 44
138 49
138 62
138 71
138 72
138 76
138 93
138 95
138 114
138 122
138 141
138 142
139 141
140 132
141 1
141 2
141 3
141 4
141 5
141 6
141 9
141 10
141 13
141 14
141 15
141 18
141 20
141 23
141 26
141 27
141 29
141 37
141 40
141 41
141 46
141 48
141 49
141 51
141 52
141 54
141 55
141 56
141 57
141 60
141 61
141 63
141 65
141 69
141 70
141 71
141 72
141 73
141 74
141 75
141 76
141 80
141 81
141 84
141 88
141 89
141 90
141 91
141 92
141 94
141 95
141 96
141 97
141 98
141 101
141 103
141 106
141 112
141 113
141 115
141 116
141 117
141 118
141 121
141 122
141 126
141 127
141 128
141 129
141 130
141 132
141 133
141 134
141 135
141 137
141 138
141 139
141 140
141 142
141 144
141 146
141 147
141 152
142 5
142 8
142 10
142 32
142 42
142 45
142 87
142 92
142 93
142 107
142 117
142 138
142 141
142 143
143 142
144 141
145 71
146 141
146 142
147 91
147 141
148 11
149 132
150 132
151 2
151 106
151 141
152 91
152 141
