2 9
2 10
2 29
2 63
3 10
4 10
5 10
5 63
6 11
7 11
7 46
7 52
8 5
8 11
9 11
9 17
9 18
9 23
9 60
9 94
9 109
10 4
10 5
10 7
10 8
10 11
10 13
10 14
10 15
10 16
10 17
10 19
10 21
10 22
10 23
10 24
10 27
10 38
10 43
10 44
10 51
10 57
10 58
10 62
10 64
10 65
10 66
10 67
10 69
10 70
10 72
10 74
10 75
10 76
10 78
10 89
10 92
10 93
10 96
10 103
10 106
10 113
10 122
10 124
10 126
10 128
11 6
11 7
11 8
11 9
11 10
11 12
11 13
11 22
11 25
11 26
11 27
11 28
11 29
11 30
11 39
11 40
11 41
11 42
11 43
11 45
11 47
11 48
11 50
11 59
11 61
11 63
11 70
11 71
11 76
11 78
11 79
11 81
11 82
11 83
11 85
11 86
11 88
11 91
11 94
11 95
11 102
11 104
11 107
11 108
11 109
11 111
11 112
11 114
11 115
11 116
11 117
11 118
11 119
11 121
11 123
11 125
12 11
13 11
13 100
14 10
14 11
15 10
16 115
18 10
18 27
18 107
19 11
20 11
21 11
22 11
24 11
25 11
26 11
27 11
27 46
28 11
28 31
29 2
29 11
29 99
30 11
30 54
30 69
31 11
32 10
33 34
34 33
34 57
36 11
36 26
38 11
38 79
39 11
40 11
41 11
42 11
43 11
44 11
45 9
46 29
47 115
48 11
48 77
48 83
48 118
49 9
50 11
51 9
51 10
52 9
52 10
53 39
53 63
56 61
57 11
57 34
58 9
58 10
59 10
59 29
60 11
61 11
61 37
61 53
61 84
61 87
61 92
62 11
63 11
63 49
63 67
63 128
64 11
65 9
65 10
66 10
66 11
67 10
67 11
69 11
69 63
70 11
70 39
71 10
71 11
73 9
73 107
74 11
76 10
77 10
78 11
79 11
79 60
79 81
79 95
79 97
79 98
81 11
83 11
84 10
85 11
85 107
86 11
86 107
88 11
89 11
90 26
91 11
92 61
93 11
94 11
95 11
96 10
96 79
97 79
101 11
101 107
102 11
103 9
104 11
107 11
107 44
107 80
107 83
107 84
107 101
107 128
108 10
108 11
109 11
110 11
111 11
112 11
113 11
114 11
115 11
116 10
116 11
117 11
118 9
119 11
120 11
120 79
121 11
121 61
122 11
122 107
123 10
123 11
123 107
124 10
124 79
124 107
125 11
126 10
126 11
127 9
127 39
