1 6
1 31
2 8
3 6
3 20
3 28
3 33
3 42
4 6
4 28
5 7
6 3
6 12
6 14
6 16
6 17
6 18
6 19
6 21
6 24
6 27
6 28
6 31
6 34
6 37
6 40
6 41
6 43
6 51
7 6
7 15
7 24
7 30
7 38
7 39
7 48
8 27
8 33
9 27
10 25
11 6
11 14
11 19
12 6
14 3
14 6
14 34
15 21
16 6
17 6
18 6
19 6
20 28
21 6
21 7
21 34
22 6
23 48
24 6
24 44
24 45
25 3
25 6
25 34
25 39
25 44
25 45
25 50
26 6
27 6
27 40
27 51
28 6
28 13
28 24
28 31
28 39
28 41
29 6
29 34
29 38
30 6
30 19
31 6
31 27
31 37
32 6
33 6
34 5
34 6
34 8
34 17
34 36
35 34
37 6
37 45
39 34
40 3
42 3
42 6
42 27
44 3
45 15
46 3
46 6
46 48
47 27
47 28
48 18
50 6
50 28
