1 156
2 156
3 156
4 156
5 156
6 156
7 156
8 156
9 156
10 156
11 156
12 156
13 156
14 156
15 156
16 156
17 156
18 156
19 156
20 156
21 156
22 156
23 156
24 156
25 156
26 156
27 156
28 156
29 156
30 156
31 156
32 156
33 156
34 156
35 156
36 156
37 156
38 156
39 156
40 156
41 156
42 156
43 156
44 156
45 156
46 156
47 156
48 156
49 156
50 156
51 156
52 156
53 156
54 156
55 156
56 156
57 156
58 156
59 156
60 156
61 156
62 156
63 156
64 156
65 156
66 156
67 156
68 156
69 156
70 156
71 156
72 156
73 156
74 156
75 156
76 156
77 156
78 156
79 156
80 156
81 156
82 156
83 156
84 156
85 156
86 156
87 156
88 156
89 156
90 156
91 156
92 156
93 156
94 156
95 156
96 156
97 75
97 96
98 156
99 156
100 96
100 156
101 156
102 156
103 156
104 156
105 156
106 107
106 108
106 156
107 156
109 156
110 108
110 156
111 156
112 156
113 156
114 156
115 156
116 156
117 156
118 156
119 156
120 156
121 156
122 156
123 156
124 156
125 156
126 156
127 156
128 10
128 156
129 156
130 156
131 156
132 156
133 156
134 156
135 156
136 156
137 156
138 156
139 156
140 156
141 156
142 156
143 156
144 156
145 156
146 156
147 156
148 156
149 156
150 156
151 156
152 63
152 156
153 156
154 156
155 156
156 1
156 2
156 3
156 4
156 5
156 6
156 7
156 8
156 9
156 10
156 11
156 12
156 13
156 14
156 15
156 16
156 17
156 18
156 19
156 20
156 21
156 22
156 23
156 24
156 25
156 26
156 27
156 28
156 29
156 30
156 31
156 32
156 33
156 34
156 35
156 36
156 37
156 38
156 39
156 40
156 41
156 42
156 43
156 44
156 45
156 46
156 47
156 49
156 50
156 51
156 52
156 53
156 54
156 55
156 56
156 57
156 58
156 59
156 60
156 61
156 62
156 63
156 64
156 65
156 66
156 67
156 68
156 69
156 70
156 71
156 72
156 73
156 74
156 75
156 76
156 77
156 78
156 79
156 80
156 81
156 82
156 83
156 84
156 85
156 86
156 87
156 88
156 89
156 90
156 91
156 92
156 93
156 94
156 95
156 96
156 98
156 99
156 101
156 102
156 103
156 104
156 105
156 106
156 107
156 109
156 110
156 111
156 112
156 113
156 114
156 115
156 116
156 117
156 118
156 119
156 120
156 121
156 122
156 123
156 124
156 125
156 126
156 127
156 128
156 129
156 130
156 131
156 132
156 133
156 134
156 135
156 136
156 137
156 138
156 139
156 140
156 141
156 142
156 143
156 144
156 145
156 146
156 147
156 148
156 149
156 150
156 151
156 152
156 153
156 154
156 155
156 157
156 158
156 159
156 160
156 161
156 162
156 163
156 164
157 156
158 129
158 156
159 156
160 156
161 156
162 156
163 156
164 156
