1 147
2 53
2 117
3 13
3 22
3 34
3 35
3 40
3 50
3 52
3 68
3 88
3 89
3 93
3 94
3 107
3 108
3 109
3 110
3 111
3 112
3 114
3 117
3 120
3 122
3 126
3 132
3 133
3 135
3 140
3 141
3 144
3 145
3 148
3 153
3 154
4 117
5 117
5 127
5 139
6 117
7 12
7 13
7 16
7 34
7 35
7 36
7 37
7 45
7 56
7 68
7 73
7 79
7 87
7 89
7 95
7 113
7 117
7 118
7 122
7 124
7 125
7 128
7 130
7 131
7 134
7 140
7 141
7 146
7 149
8 117
9 117
10 3
10 7
10 117
11 47
13 3
14 3
14 7
14 117
15 26
16 3
17 117
18 4
18 117
19 3
19 117
20 7
20 117
21 117
22 7
23 117
24 117
25 117
26 15
26 74
26 117
26 134
27 7
27 18
27 117
28 7
28 117
29 117
30 7
30 117
31 117
32 117
33 39
34 7
36 7
36 81
37 7
38 117
39 16
39 117
39 144
40 117
41 117
42 117
43 117
44 117
45 117
46 117
47 117
48 117
49 117
49 124
49 127
50 3
50 117
51 117
52 3
53 117
54 7
54 117
55 117
56 117
57 117
58 117
59 117
60 117
61 117
62 117
63 117
64 12
64 117
65 117
66 117
67 3
67 117
68 3
69 117
70 117
72 77
74 7
74 117
75 117
76 117
77 117
78 117
79 117
80 117
81 117
82 7
83 117
84 3
84 117
85 7
85 117
86 117
87 3
87 117
88 7
88 117
89 3
89 7
90 7
90 117
91 117
94 3
94 7
95 2
96 94
97 117
98 117
99 63
100 117
101 117
102 117
103 117
104 117
105 7
105 117
106 26
106 64
108 117
109 7
109 117
110 117
111 3
111 7
112 3
112 7
113 77
114 3
114 7
115 47
116 117
117 1
117 2
117 3
117 4
117 5
117 6
117 7
117 8
117 9
117 10
117 11
117 17
117 19
117 20
117 21
117 22
117 23
117 24
117 25
117 26
117 27
117 28
117 29
117 30
117 31
117 32
117 36
117 37
117 38
117 39
117 40
117 41
117 42
117 43
117 45
117 46
117 47
117 48
117 49
117 50
117 51
117 54
117 55
117 56
117 57
117 58
117 59
117 60
117 61
117 62
117 63
117 64
117 65
117 66
117 67
117 68
117 69
117 70
117 76
117 77
117 78
117 80
117 81
117 83
117 84
117 85
117 86
117 88
117 89
117 91
117 97
117 98
117 100
117 101
117 102
117 104
117 105
117 107
117 108
117 110
117 115
117 116
117 119
117 120
117 121
117 122
117 123
117 124
117 126
117 128
117 129
117 133
117 135
117 140
117 142
117 143
117 144
117 145
117 147
118 7
118 117
119 117
120 3
120 117
122 117
123 117
124 117
125 7
126 117
129 7
130 7
130 47
131 3
132 7
133 7
135 7
135 41
136 3
137 117
139 7
140 3
140 117
142 5
142 117
143 117
145 117
146 3
146 7
148 26
150 3
152 117
153 3
154 7
