1 95
2 95
3 95
4 131
5 95
6 95
7 95
8 95
9 95
10 95
11 95
12 95
13 95
14 95
15 95
17 95
17 131
18 95
19 95
20 95
21 95
22 95
23 95
24 36
24 95
25 95
26 95
27 95
28 131
29 95
30 95
31 95
31 131
32 95
33 1
33 95
34 95
34 131
36 131
37 131
38 67
39 95
40 95
41 95
41 131
42 131
43 95
44 95
45 95
45 131
46 95
47 95
47 131
48 95
49 95
50 95
51 95
52 24
52 61
53 95
53 131
54 95
55 95
56 95
58 95
59 95
60 95
61 95
62 95
63 74
64 95
65 95
66 95
67 95
68 95
69 95
70 95
71 95
72 95
73 95
74 63
74 95
75 95
76 95
77 95
78 95
79 95
80 95
81 95
82 95
83 95
84 95
84 131
85 95
86 95
86 131
87 95
88 131
89 43
89 82
90 95
90 131
91 95
92 95
92 131
93 36
93 95
94 95
95 1
95 2
95 3
95 4
95 5
95 6
95 7
95 8
95 9
95 10
95 11
95 12
95 13
95 14
95 15
95 16
95 17
95 18
95 19
95 20
95 21
95 22
95 23
95 24
95 25
95 26
95 27
95 28
95 29
95 30
95 31
95 32
95 34
95 35
95 39
95 40
95 41
95 42
95 43
95 44
95 45
95 46
95 47
95 49
95 50
95 51
95 53
95 54
95 55
95 56
95 57
95 58
95 59
95 60
95 61
95 62
95 64
95 65
95 66
95 67
95 68
95 69
95 70
95 71
95 72
95 73
95 74
95 75
95 76
95 77
95 78
95 79
95 80
95 81
95 82
95 83
95 84
95 85
95 86
95 87
95 90
95 91
95 94
95 96
95 97
95 98
95 99
95 100
95 101
95 102
95 103
95 104
95 105
95 106
95 107
95 108
95 109
95 110
95 111
95 112
95 113
95 114
95 115
95 116
95 117
95 118
95 119
95 120
95 121
95 122
95 124
95 126
95 127
95 128
95 129
95 130
95 131
95 132
95 133
95 134
95 135
96 95
97 95
98 95
99 95
100 95
100 131
101 95
102 95
103 95
104 95
105 95
106 95
106 136
107 95
108 95
109 95
110 95
111 95
112 95
113 95
114 95
114 131
115 95
115 131
116 95
117 95
118 131
119 95
120 95
121 95
122 95
123 74
124 95
125 36
125 95
126 95
126 131
127 95
128 95
129 95
130 95
131 4
131 20
131 21
131 32
131 37
131 42
131 53
131 58
131 76
131 87
131 95
131 97
131 112
131 125
131 126
131 127
131 130
131 133
132 95
132 131
133 95
134 95
135 95
