1 71
1 110
2 8
3 40
3 56
5 56
6 10
6 37
6 54
7 71
8 1
8 10
9 11
9 56
10 4
10 6
10 8
10 11
10 14
10 19
10 20
10 25
10 28
10 29
10 30
10 31
10 32
10 37
10 40
10 42
10 56
10 57
10 58
10 60
10 63
10 65
10 70
10 71
10 72
10 74
10 75
10 78
10 80
10 85
10 89
10 90
10 92
10 94
10 96
10 97
10 98
10 99
10 103
10 105
10 107
10 118
10 119
10 121
11 5
11 8
11 10
11 12
11 23
11 44
11 45
11 55
11 59
11 67
11 73
11 75
11 86
11 91
11 100
11 102
11 107
11 120
11 123
12 56
13 10
14 10
15 41
17 11
17 56
17 71
18 56
18 70
20 10
21 56
22 10
22 113
22 114
23 8
25 10
25 31
26 10
26 31
26 56
27 10
27 11
27 56
28 10
28 56
28 117
29 11
29 50
29 56
30 10
30 62
31 2
31 10
31 33
31 35
31 37
31 46
32 10
34 11
34 40
34 71
36 71
37 10
38 56
38 71
39 56
40 10
40 12
40 16
40 20
40 56
40 71
40 88
40 117
41 10
41 56
42 10
43 10
43 56
43 71
45 10
47 11
48 10
49 10
49 56
50 56
51 56
51 70
52 70
53 58
54 4
54 70
56 1
56 2
56 3
56 4
56 7
56 10
56 19
56 24
56 26
56 29
56 36
56 38
56 44
56 48
56 50
56 53
56 61
56 64
56 66
56 67
56 72
56 73
56 79
56 81
56 93
56 94
56 100
56 102
56 103
56 108
56 114
56 115
56 116
57 2
57 10
58 5
58 10
58 39
58 69
58 119
59 10
61 56
61 71
62 8
62 11
63 10
63 56
64 71
65 71
66 10
66 56
67 56
68 40
68 71
69 10
70 10
70 11
70 52
70 71
70 73
70 84
71 10
71 12
71 32
71 55
71 58
71 74
72 10
73 10
74 10
74 56
75 10
75 56
76 8
76 71
77 9
77 41
79 56
80 10
81 56
82 10
82 11
82 71
84 70
85 10
86 11
87 11
88 11
89 10
89 56
90 11
91 11
92 10
92 103
92 106
93 56
94 10
94 56
95 6
95 56
96 10
96 47
97 10
98 11
99 10
99 11
101 10
101 108
102 11
104 10
104 71
106 11
106 71
107 56
108 56
109 76
109 85
109 112
110 56
110 113
112 109
113 110
113 114
113 118
114 113
115 56
116 10
116 56
118 10
118 113
119 10
120 56
120 71
121 10
121 56
122 6
122 10
122 70
123 56
