1 10
1 26
2 10
3 10
4 10
5 10
6 10
7 10
8 10
9 5
9 10
9 110
10 1
10 2
10 3
10 4
10 5
10 6
10 7
10 8
10 9
10 11
10 12
10 13
10 14
10 15
10 16
10 18
10 19
10 20
10 21
10 22
10 23
10 24
10 25
10 26
10 27
10 28
10 29
10 30
10 31
10 32
10 33
10 34
10 35
10 36
10 37
10 38
10 39
10 40
10 41
10 42
10 43
10 44
10 46
10 47
10 48
10 49
10 50
10 51
10 52
10 53
10 54
10 55
10 56
10 57
10 58
10 59
10 60
10 61
10 62
10 63
10 64
10 65
10 66
10 67
10 68
10 69
10 70
10 71
10 72
10 73
10 74
10 75
10 76
10 77
10 78
10 79
10 80
10 81
10 82
10 83
10 84
10 85
10 86
10 87
10 88
10 89
10 90
10 91
10 92
10 93
10 94
10 96
10 99
10 100
10 101
10 102
10 104
10 105
10 106
10 108
10 109
10 110
10 111
10 112
10 113
10 114
10 115
10 116
10 117
10 120
10 121
10 122
10 123
10 124
10 125
10 126
10 127
10 128
10 129
10 130
11 10
12 10
13 10
14 10
15 10
16 10
17 9
18 10
19 10
20 10
21 10
22 9
22 10
23 10
24 10
24 118
25 10
25 42
25 57
25 58
25 90
26 10
27 10
28 10
29 10
29 119
30 10
31 10
32 10
33 10
34 10
35 10
36 10
37 10
38 10
39 10
40 9
40 10
41 10
42 10
43 10
44 10
44 22
45 14
46 10
46 107
47 10
47 103
48 10
49 10
50 10
51 9
51 10
52 10
53 10
54 10
55 10
56 10
57 10
58 10
59 10
60 10
61 10
62 10
63 10
64 10
65 10
66 10
67 10
68 10
69 10
69 118
69 119
70 10
71 10
72 10
73 10
74 10
75 10
76 10
77 10
78 10
79 10
80 10
81 10
82 10
83 10
84 10
85 10
86 10
86 98
87 10
88 10
89 10
90 10
91 10
92 10
93 9
93 10
94 9
94 10
95 10
95 70
96 9
96 10
96 115
97 7
97 10
97 25
98 10
99 10
100 10
101 10
102 10
103 10
104 10
105 10
106 10
108 10
109 9
109 10
110 9
110 10
111 10
112 10
113 10
114 9
114 10
115 10
116 10
117 10
119 15
119 47
120 10
121 10
122 10
123 10
124 10
125 9
125 10
126 10
127 10
128 10
129 10
130 10
131 9
131 10
