1 4
2 24
3 4
3 8
3 35
3 45
3 58
3 71
3 82
3 93
3 107
3 108
3 111
3 112
3 113
3 136
3 149
4 1
4 5
4 7
4 8
4 26
4 29
4 41
4 50
4 66
4 68
4 79
4 85
4 119
6 21
6 31
6 34
6 52
6 56
6 71
6 73
6 75
6 76
6 77
6 90
6 91
6 94
6 95
6 105
6 107
6 109
6 110
6 114
6 121
6 122
6 125
6 128
6 129
6 130
6 131
6 132
6 133
6 135
6 140
6 141
6 142
6 146
6 147
6 151
7 4
8 2
8 4
8 9
8 18
8 21
8 28
8 32
8 40
8 41
8 42
8 47
8 62
8 66
8 71
8 73
8 80
8 98
8 110
9 8
9 63
10 4
10 63
12 3
12 50
13 30
16 67
17 6
18 6
19 4
19 63
20 63
20 147
21 63
22 7
22 24
23 6
23 63
25 4
26 4
27 4
27 8
27 36
27 92
27 137
27 148
29 4
29 11
29 79
33 63
33 119
34 3
35 6
36 3
37 39
38 6
38 63
39 12
39 34
39 36
39 38
39 54
39 55
39 57
39 63
39 115
39 118
39 136
39 141
39 143
40 63
41 6
41 8
42 6
43 63
43 119
44 8
44 48
45 6
45 63
46 50
47 6
47 63
48 4
48 50
50 4
50 29
50 63
50 66
50 67
50 72
50 86
51 8
51 63
52 6
53 63
55 6
56 6
57 6
58 3
58 6
58 39
59 6
60 63
60 134
61 6
63 3
63 6
63 8
63 10
63 20
63 21
63 23
63 28
63 30
63 32
63 38
63 39
63 41
63 43
63 47
63 48
63 50
63 51
63 60
63 61
63 62
63 64
63 67
63 69
63 70
63 72
63 74
63 78
63 81
63 82
63 96
63 98
63 99
63 101
63 102
63 106
63 119
63 120
63 126
64 8
66 49
66 83
66 84
66 85
67 49
67 83
68 4
69 63
70 8
70 63
73 6
73 63
74 63
74 119
75 8
76 6
78 63
79 4
79 13
79 63
80 63
84 4
85 4
85 50
85 67
87 39
87 85
88 63
89 6
89 63
90 3
90 6
91 6
92 6
93 6
94 6
94 39
94 86
95 3
96 6
97 63
97 79
98 63
99 63
100 63
101 6
101 14
102 8
102 15
102 63
103 8
103 63
105 6
106 8
107 8
108 1
108 60
109 6
111 3
112 6
113 39
114 3
115 6
116 6
116 63
117 1
117 2
117 6
117 63
118 39
119 4
119 12
119 43
119 63
119 81
119 89
119 99
119 100
119 126
120 63
121 6
122 3
123 6
123 63
124 63
125 6
126 15
126 63
127 63
128 6
129 6
130 6
131 6
132 6
133 6
134 6
135 6
136 69
138 6
139 6
140 6
141 6
142 6
144 3
144 27
145 6
146 1
147 6
148 6
149 3
150 3
152 3
152 63
