1 72
2 72
2 85
3 72
4 17
4 72
5 71
6 72
6 163
8 48
8 82
8 114
8 157
9 13
9 14
9 15
9 22
9 28
9 30
9 34
9 50
9 53
9 72
9 73
9 76
9 102
9 118
9 123
9 128
9 150
9 153
10 72
10 85
12 7
12 71
13 9
13 71
14 72
15 72
16 82
16 85
18 72
19 72
20 89
22 72
23 9
24 85
26 72
27 72
27 90
28 73
29 9
29 82
30 85
31 9
32 9
33 72
35 71
35 72
37 72
38 71
39 82
40 9
40 72
41 68
45 72
46 71
46 72
47 82
48 9
49 9
49 72
50 72
50 85
51 85
52 82
53 9
53 72
54 86
55 72
57 72
58 69
58 108
58 142
60 72
61 72
62 85
62 152
63 82
64 85
65 72
65 85
66 89
67 82
68 88
68 89
69 72
70 149
71 7
71 9
71 32
71 36
71 70
71 73
71 80
71 82
71 88
71 104
71 109
71 112
71 116
71 129
71 139
72 1
72 2
72 3
72 4
72 6
72 10
72 13
72 14
72 18
72 19
72 20
72 23
72 25
72 26
72 31
72 33
72 34
72 35
72 39
72 40
72 43
72 44
72 45
72 53
72 61
72 64
72 69
72 71
72 73
72 75
72 82
72 83
72 87
72 90
72 91
72 93
72 95
72 103
72 107
72 108
72 110
72 113
72 115
72 116
72 117
72 118
72 119
72 122
72 126
72 128
72 129
72 131
72 132
72 135
72 140
72 148
72 154
72 159
72 162
73 9
73 72
74 72
74 85
75 7
75 9
75 82
76 9
77 82
79 9
79 72
80 72
81 72
81 85
82 3
82 5
82 6
82 7
82 8
82 20
82 21
82 39
82 42
82 47
82 56
82 63
82 66
82 67
82 68
82 71
82 72
82 75
82 77
82 86
82 88
82 89
82 91
82 96
82 102
82 116
82 133
82 145
82 156
82 163
83 72
83 136
84 71
85 11
85 18
85 23
85 24
85 27
85 37
85 47
85 48
85 51
85 55
85 59
85 60
85 61
85 62
85 64
85 71
85 72
85 74
85 78
85 81
85 94
85 95
85 98
85 100
85 101
85 118
85 124
85 126
85 141
85 147
85 151
85 153
85 160
86 12
86 82
87 72
88 71
88 82
89 8
89 9
89 21
89 38
89 63
89 71
89 84
89 133
90 72
91 71
92 9
93 72
94 85
95 85
97 72
97 85
98 9
99 86
100 85
101 85
102 71
102 72
102 109
103 9
103 72
104 71
105 72
106 82
107 72
108 34
108 72
108 92
109 28
109 82
110 72
111 82
111 148
112 9
112 74
112 82
113 72
114 63
114 72
115 72
117 85
118 89
119 63
119 89
120 85
121 7
122 72
124 5
125 85
126 9
127 9
127 72
127 85
128 72
129 72
130 82
130 133
131 9
131 72
131 82
132 72
134 72
135 71
135 72
136 72
137 9
138 71
138 111
140 9
142 146
142 147
143 144
143 146
144 89
144 143
144 145
145 144
146 142
146 143
147 85
147 142
149 9
150 62
151 72
152 9
152 40
153 9
153 72
154 72
154 85
156 86
157 72
158 72
158 85
160 9
161 8
162 82
163 142
164 90
165 85
165 111
