1 49
2 7
2 61
2 66
4 21
5 63
5 80
5 106
6 7
6 22
6 39
6 51
6 60
6 61
6 66
6 72
6 99
7 41
7 44
7 62
7 80
7 81
7 107
8 61
8 69
9 5
9 54
9 61
10 62
10 66
11 47
11 66
12 46
13 48
14 63
15 49
16 8
16 81
17 62
17 66
19 7
19 66
20 78
25 99
26 42
26 46
27 46
27 109
28 61
28 63
28 80
30 38
31 66
32 61
32 63
32 104
33 7
33 52
33 61
34 6
35 66
36 7
37 47
37 49
38 49
39 49
39 100
41 48
41 53
42 30
43 66
44 66
45 48
45 79
46 4
46 34
46 43
46 48
46 61
47 20
47 63
47 71
47 80
48 13
48 22
48 63
49 20
49 66
49 80
49 89
49 90
50 57
50 61
52 61
53 23
53 56
53 61
53 63
53 80
54 7
54 66
55 6
57 28
57 50
59 66
60 67
61 3
61 4
61 7
61 16
61 27
61 31
61 32
61 45
61 46
61 48
61 50
61 52
61 53
61 63
61 64
61 65
61 66
61 67
61 75
61 77
61 79
61 80
62 21
62 90
62 99
63 4
63 7
63 8
63 30
63 61
63 64
63 67
63 80
63 83
63 84
63 87
65 61
65 66
65 76
66 1
66 2
66 3
66 6
66 13
66 16
66 17
66 30
66 34
66 39
66 47
66 49
66 51
66 54
66 59
66 68
66 69
66 78
66 80
66 81
66 82
66 83
66 85
66 89
66 100
66 102
66 105
66 108
67 18
68 49
70 6
70 66
71 78
71 81
72 8
72 31
73 32
74 66
75 61
75 80
76 43
77 46
78 35
78 37
78 38
78 66
78 80
78 100
79 36
79 61
79 80
79 88
79 91
80 1
80 5
80 13
80 18
80 23
80 37
80 48
80 61
80 62
80 65
80 66
80 94
80 107
81 39
81 58
81 88
82 66
82 79
83 14
83 66
83 80
84 7
84 61
85 63
85 66
87 63
88 54
88 79
88 81
89 66
90 66
91 61
91 63
92 49
93 62
93 80
94 6
94 46
95 78
96 53
96 61
98 25
99 46
100 49
100 78
100 79
101 80
102 54
104 63
105 79
107 46
107 61
107 67
108 25
108 54
109 61
110 49
