1 13
1 80
2 80
3 13
4 14
4 80
5 80
8 59
9 13
9 51
9 99
9 100
9 137
10 11
10 13
10 14
11 13
11 19
11 20
11 24
11 25
11 29
11 30
11 62
11 63
11 65
11 73
11 89
11 92
11 96
11 107
11 113
11 120
11 129
12 13
13 6
13 9
13 11
13 14
13 15
13 17
13 23
13 32
13 33
13 34
13 35
13 37
13 41
13 42
13 44
13 48
13 58
13 59
13 60
13 61
13 64
13 70
13 80
13 85
13 87
13 90
13 91
13 92
13 102
13 104
13 109
13 110
13 114
13 117
13 118
13 119
13 128
13 133
13 134
14 9
14 13
14 15
14 23
14 43
14 46
14 53
14 62
14 77
14 82
14 84
14 93
14 102
14 111
14 113
14 127
14 132
15 13
16 13
16 14
17 14
19 35
20 11
20 35
21 80
22 61
23 11
23 13
23 14
24 59
25 11
26 13
27 11
27 80
28 34
29 59
30 41
30 61
31 14
31 34
33 13
33 39
34 13
34 14
34 38
34 47
34 53
34 74
34 76
34 82
34 87
34 99
34 137
35 13
35 40
35 72
35 83
35 95
35 113
36 35
37 13
40 80
41 13
41 14
41 27
41 57
41 64
41 69
41 75
41 94
41 103
41 106
41 126
42 13
43 13
43 14
43 137
46 4
46 13
48 14
48 59
49 59
49 61
50 14
50 68
52 14
52 46
55 59
56 23
57 13
58 13
59 3
59 5
59 13
59 29
59 30
59 46
59 50
59 60
59 63
59 64
59 66
59 78
59 79
59 85
59 90
59 97
59 130
61 13
61 16
61 36
61 54
61 73
61 79
61 87
61 92
61 112
61 113
61 114
61 120
61 128
61 130
62 61
65 15
67 14
67 127
68 33
69 117
70 11
71 13
71 59
72 13
74 135
75 80
75 135
76 34
77 9
77 59
78 13
79 11
80 4
80 13
80 21
80 39
80 40
80 42
80 54
80 56
80 62
80 70
80 72
80 85
80 105
80 120
80 125
81 6
81 61
82 11
84 14
85 13
86 13
88 13
88 61
89 59
89 61
90 13
90 67
91 59
93 14
94 41
95 33
96 41
98 14
99 13
100 11
101 13
101 14
101 61
102 13
102 80
103 33
103 125
104 13
105 13
105 14
106 33
106 59
107 10
108 11
109 13
109 14
110 13
110 14
111 14
111 59
113 14
114 13
116 13
116 80
117 13
117 136
118 13
120 80
121 123
121 124
122 124
122 125
123 121
124 121
125 80
125 122
126 35
127 13
128 59
130 13
131 11
132 11
132 15
132 80
133 13
134 35
135 137
136 135
136 138
137 135
137 138
138 136
138 137
