1 60
3 6
3 8
4 8
4 20
4 57
5 60
6 4
6 60
8 4
8 6
8 10
8 11
8 24
8 28
8 31
8 33
8 38
8 39
8 43
8 46
8 47
8 49
8 55
8 59
8 60
8 65
8 67
8 71
8 72
8 74
8 84
8 85
8 90
8 95
8 96
8 99
8 102
8 108
8 121
8 122
8 125
8 128
8 129
8 130
8 131
9 8
9 11
9 16
9 44
9 51
9 64
9 104
10 8
10 68
11 1
11 2
11 6
11 7
11 9
11 20
11 29
11 37
11 40
11 42
11 43
11 63
11 69
11 80
11 85
11 95
11 96
11 102
11 111
11 120
11 129
12 60
12 135
13 31
14 31
15 8
16 10
17 8
17 10
19 41
20 11
21 60
22 8
22 84
23 8
24 46
24 84
25 8
26 46
27 46
28 32
29 32
30 48
31 10
31 11
31 13
31 49
31 60
31 61
31 74
31 75
31 102
31 116
31 118
32 20
32 35
32 36
32 58
32 60
32 66
32 87
33 8
33 30
33 31
33 60
33 61
33 88
34 33
35 60
36 8
37 8
37 11
37 62
38 33
38 84
39 8
39 60
39 107
40 105
41 8
41 31
41 60
42 33
43 8
43 60
46 8
46 27
46 48
46 101
46 113
47 84
48 12
49 16
49 18
49 45
49 52
49 57
49 93
49 105
50 10
50 127
50 134
52 49
53 131
54 11
54 49
55 60
55 84
56 11
56 39
57 4
57 84
60 3
60 6
60 7
60 8
60 9
60 12
60 13
60 31
60 33
60 39
60 41
60 50
60 54
60 59
60 78
60 83
60 84
60 100
60 101
60 116
60 126
60 130
62 8
62 60
62 67
62 70
62 72
62 109
62 110
64 6
64 11
65 12
65 84
66 83
66 120
68 49
69 4
69 49
72 8
73 84
74 31
74 76
78 6
78 60
79 8
79 84
80 8
80 11
80 31
80 84
81 84
83 60
84 3
84 12
84 21
84 28
84 34
84 40
84 47
84 56
84 60
84 67
84 75
84 104
84 108
84 111
84 112
84 129
86 11
86 84
87 8
87 12
88 11
89 31
89 131
90 31
91 46
92 60
93 84
94 131
97 60
98 33
98 60
99 84
103 8
106 5
106 60
107 84
108 18
108 115
109 10
111 84
112 11
112 84
114 43
114 84
115 9
115 84
116 8
119 8
119 84
120 11
121 60
122 11
123 11
123 119
124 119
125 8
126 8
126 60
127 9
128 8
129 11
130 60
130 84
131 60
131 117
131 118
135 4
