1 9
2 43
2 46
3 9
3 72
5 15
5 16
5 24
5 31
5 33
5 35
5 39
5 45
5 51
5 53
5 54
5 58
5 65
5 67
5 74
5 75
5 77
5 84
5 93
5 98
5 102
6 53
7 37
8 9
8 53
9 1
9 2
9 3
9 5
9 6
9 8
9 13
9 15
9 17
9 22
9 23
9 24
9 27
9 28
9 29
9 30
9 31
9 37
9 40
9 41
9 42
9 45
9 46
9 47
9 48
9 52
9 53
9 54
9 59
9 64
9 65
9 76
9 88
9 89
9 96
9 97
10 9
10 76
11 9
11 53
12 9
12 43
13 9
14 43
14 71
16 9
20 29
20 53
22 53
23 9
24 43
25 8
25 43
27 9
27 43
27 53
29 53
31 53
32 9
32 53
32 74
32 99
33 5
34 36
34 44
35 53
36 9
36 58
36 92
37 53
38 9
39 46
41 31
42 9
42 23
43 12
43 19
43 21
43 50
43 52
43 53
43 90
44 38
44 43
44 53
45 5
46 9
46 19
46 52
46 70
46 89
47 53
48 43
49 46
50 43
50 53
51 46
53 3
53 5
53 7
53 9
53 10
53 14
53 18
53 21
53 22
53 23
53 26
53 27
53 31
53 32
53 33
53 35
53 36
53 37
53 43
53 47
53 48
53 50
53 55
53 57
53 67
53 70
53 71
53 74
53 78
53 79
53 81
53 82
53 83
53 85
53 86
53 91
53 92
53 95
53 96
54 5
54 9
54 28
56 9
56 10
59 9
59 53
60 5
61 9
61 53
62 31
63 53
64 15
65 5
65 9
66 9
67 5
67 53
68 43
69 9
69 53
70 53
71 31
72 9
72 53
73 9
74 17
74 54
75 5
77 53
78 46
78 51
78 74
79 53
80 46
81 9
81 25
81 53
83 5
83 9
83 70
84 9
85 9
85 53
86 9
87 53
88 9
90 9
91 53
92 5
93 53
94 37
94 44
95 9
96 43
97 9
97 94
97 96
99 5
99 53
100 5
100 9
101 53
102 5
