1 67
1 129
2 66
2 104
3 80
3 127
4 66
4 125
5 80
5 129
6 67
6 80
7 66
7 80
8 47
8 80
8 122
9 19
9 95
9 108
9 128
10 103
11 84
12 66
12 85
13 63
14 104
15 88
16 80
17 66
18 80
18 129
19 66
19 67
20 66
21 66
21 67
22 66
22 125
23 85
24 8
25 80
27 67
28 67
29 66
29 86
30 66
31 61
31 84
32 80
32 104
34 67
35 80
36 80
37 104
38 65
38 129
39 67
39 125
40 121
41 64
41 65
42 67
42 80
44 80
44 104
45 66
45 67
46 8
47 9
48 67
48 80
49 104
50 104
51 66
51 67
52 8
52 9
52 104
53 60
54 80
55 104
56 59
57 67
57 127
58 67
59 80
60 48
60 67
61 66
61 67
61 124
62 55
62 77
62 80
62 129
63 66
63 67
63 121
64 104
64 128
65 80
65 86
66 4
66 14
66 40
66 59
66 69
66 80
66 84
66 85
66 88
66 100
66 103
66 104
66 106
66 110
66 112
66 136
67 1
67 2
67 22
67 25
67 27
67 28
67 30
67 33
67 34
67 37
67 39
67 42
67 43
67 44
67 45
67 49
67 53
67 57
67 60
67 61
67 71
67 74
67 78
67 79
67 80
67 84
67 85
67 87
67 89
67 95
67 98
67 105
67 110
67 112
67 118
67 119
67 126
67 132
67 133
67 135
68 66
69 67
70 86
70 104
71 9
72 80
73 64
73 66
73 104
75 104
76 66
77 104
78 103
79 67
79 104
80 1
80 3
80 5
80 7
80 8
80 33
80 35
80 36
80 40
80 41
80 50
80 59
80 62
80 64
80 65
80 66
80 67
80 73
80 76
80 77
80 83
80 86
80 88
80 96
80 99
80 101
80 102
80 103
80 104
80 114
80 115
80 116
80 134
81 11
81 27
81 66
81 80
81 94
81 128
82 80
83 128
84 23
84 67
85 10
85 21
85 24
85 30
85 66
85 78
85 104
85 109
85 113
85 117
85 129
85 131
85 132
86 54
86 70
86 80
86 94
86 104
86 124
86 128
87 67
88 66
88 130
89 67
90 67
90 104
91 66
92 66
93 66
94 67
95 85
96 80
97 67
98 67
99 66
99 80
101 80
102 66
103 80
103 131
104 6
104 9
104 15
104 22
104 29
104 36
104 47
104 49
104 52
104 80
104 87
104 93
104 100
104 101
104 137
105 67
106 80
107 80
107 104
108 60
109 9
110 67
110 85
110 86
111 59
111 64
111 80
112 67
113 67
114 80
114 117
115 104
116 66
116 104
117 66
117 85
118 67
118 80
119 81
122 80
122 81
125 5
125 85
126 64
126 66
127 67
128 82
128 106
129 9
129 44
131 60
131 103
132 85
133 67
133 80
134 67
134 80
135 8
136 66
136 67
136 85
137 80
