1 152
2 9
2 13
2 15
2 41
2 56
2 59
2 61
2 63
2 67
2 80
2 105
2 119
2 120
2 144
2 152
5 147
6 2
6 4
6 5
6 152
8 151
9 152
10 101
12 152
13 101
13 152
14 152
16 152
17 133
18 98
19 152
20 138
21 81
21 99
22 6
22 102
23 152
25 102
28 6
28 102
29 148
30 148
31 102
32 152
33 98
35 152
36 152
37 3
37 152
38 102
39 102
40 20
40 152
42 138
43 138
44 2
44 102
44 151
45 147
46 152
47 102
47 152
48 152
49 152
51 102
51 151
52 102
52 152
53 152
56 102
56 152
57 124
58 147
59 2
59 101
59 124
60 98
60 147
61 2
61 102
63 98
64 102
65 2
65 102
65 152
66 68
67 152
68 152
69 152
70 44
70 60
70 124
70 152
71 152
72 102
72 152
74 152
75 2
75 124
75 144
75 152
76 102
77 124
77 148
79 6
80 152
81 26
81 124
81 152
82 152
83 102
83 124
84 152
85 102
85 152
86 152
88 152
89 152
90 102
91 2
91 151
92 101
92 102
94 152
95 102
96 55
96 152
98 45
98 50
98 65
98 89
98 135
98 152
99 152
100 152
101 14
101 28
101 37
101 72
101 92
101 130
101 152
102 8
102 15
102 18
102 31
102 33
102 39
102 62
102 64
102 65
102 73
102 74
102 83
102 85
102 90
102 109
102 139
102 152
103 152
104 152
105 2
105 102
106 152
107 81
107 152
108 81
110 152
111 152
112 2
112 102
113 124
113 152
114 148
115 46
119 102
120 152
121 29
121 30
121 33
121 152
122 152
123 152
124 8
124 29
124 32
124 53
124 62
124 66
124 69
124 76
124 86
124 87
124 108
124 118
124 120
124 125
124 132
124 136
124 146
124 152
125 117
126 124
126 152
127 102
128 101
128 152
129 102
129 152
130 102
130 152
131 101
132 2
132 152
133 20
133 82
133 97
133 111
133 113
133 118
133 140
133 152
134 152
136 152
137 152
138 45
138 46
138 71
138 106
138 116
138 152
139 124
139 152
140 152
141 102
141 152
142 102
142 152
143 81
143 124
145 98
146 101
147 20
147 24
147 58
147 87
147 152
148 11
148 19
148 44
148 50
148 60
148 83
148 141
148 152
149 102
150 102
150 152
151 18
151 30
151 45
151 54
151 72
151 93
151 124
151 125
151 141
151 152
152 1
152 2
152 7
152 10
152 12
152 14
152 15
152 16
152 35
152 37
152 38
152 40
152 46
152 47
152 48
152 50
152 65
152 66
152 67
152 68
152 70
152 71
152 72
152 75
152 81
152 84
152 85
152 86
152 87
152 88
152 89
152 94
152 98
152 99
152 100
152 101
152 102
152 103
152 104
152 110
152 111
152 116
152 121
152 123
152 124
152 125
152 126
152 127
152 128
152 133
152 134
152 136
152 137
152 138
152 139
152 140
152 147
152 148
152 151
152 153
152 154
152 155
152 156
152 158
152 159
152 160
152 161
153 152
154 152
155 152
156 152
157 124
158 152
159 124
159 156
160 152
161 152
