1 5
1 6
2 70
3 55
6 17
8 55
9 70
11 86
12 1
12 6
12 25
13 22
14 55
14 69
16 6
19 67
20 6
20 55
22 69
23 54
24 61
25 18
25 55
25 61
26 50
26 55
27 48
27 55
28 61
28 84
29 55
30 55
31 61
32 55
33 44
33 55
33 67
34 25
35 6
35 41
35 69
36 69
37 6
39 45
41 70
42 55
43 23
43 34
43 36
43 38
43 52
43 63
43 66
44 2
44 12
44 22
44 55
45 6
46 55
47 61
47 84
48 1
48 5
48 38
48 55
49 50
49 52
52 12
53 55
53 61
53 69
55 1
55 3
55 6
55 9
55 17
55 19
55 20
55 25
55 27
55 30
55 41
55 42
55 43
55 45
55 46
55 49
55 54
55 57
55 58
55 59
55 61
55 62
55 63
55 64
55 67
55 68
55 69
55 70
55 72
55 73
55 76
55 77
55 83
55 85
56 55
57 55
58 55
59 70
60 12
60 55
61 1
61 6
61 8
61 14
61 16
61 19
61 20
61 23
61 25
61 27
61 28
61 29
61 30
61 31
61 46
61 55
61 62
61 70
61 73
61 76
61 79
61 85
62 55
64 86
66 61
67 4
67 54
67 55
68 55
68 61
69 55
70 58
70 60
70 61
70 85
71 55
72 55
72 67
74 71
75 12
75 55
77 55
77 75
78 70
80 11
80 55
81 82
81 83
81 85
82 81
82 83
82 85
83 12
83 84
84 83
85 82
85 83
85 84
86 48
86 61
87 11
87 61
88 70
