1 28
1 150
2 150
3 150
4 71
6 98
6 150
7 1
7 126
7 150
8 150
9 98
9 150
10 128
11 98
12 150
13 150
14 150
15 98
16 150
18 98
18 150
19 98
20 82
20 98
20 149
21 82
21 150
22 150
23 98
23 149
24 150
25 149
27 150
28 98
29 150
30 150
31 150
33 150
35 150
36 150
37 150
38 149
39 96
39 98
39 151
40 150
41 150
42 150
43 69
43 150
44 98
45 150
47 150
48 150
49 152
50 150
51 149
53 57
53 118
53 149
54 150
55 149
55 150
56 150
57 150
58 145
58 150
59 150
61 98
61 145
62 98
63 98
63 150
65 149
66 98
67 150
68 98
68 150
70 118
70 150
70 152
71 98
71 150
72 150
73 118
73 150
75 150
77 150
79 150
80 150
82 150
83 7
83 96
84 150
85 145
85 150
85 152
87 50
87 98
87 150
88 149
88 150
89 98
89 150
90 149
91 150
92 71
93 149
93 150
94 150
95 150
96 92
96 142
96 150
97 150
98 4
98 6
98 11
98 13
98 22
98 24
98 34
98 37
98 45
98 46
98 47
98 56
98 57
98 62
98 64
98 84
98 86
98 88
98 95
98 102
98 114
98 123
98 138
98 150
99 150
100 150
101 150
102 150
103 98
103 149
103 150
104 110
104 150
105 149
105 150
106 149
107 98
107 118
107 145
108 150
109 149
110 33
113 150
115 150
116 106
116 150
117 150
118 10
118 44
118 67
118 122
118 150
119 150
120 150
121 98
121 150
122 150
123 150
124 150
125 98
125 150
127 98
127 150
128 46
128 60
128 83
128 90
128 150
129 150
130 150
131 150
132 128
133 150
134 150
135 150
136 150
137 150
138 150
140 150
141 150
142 128
143 98
144 150
145 15
145 26
145 36
145 66
145 90
145 146
145 150
147 150
148 28
148 150
149 3
149 22
149 26
149 47
149 65
149 70
149 74
149 76
149 88
149 91
149 112
149 120
149 121
149 132
149 150
150 1
150 2
150 3
150 5
150 6
150 7
150 8
150 16
150 18
150 22
150 26
150 27
150 29
150 30
150 31
150 32
150 33
150 36
150 38
150 41
150 42
150 43
150 48
150 49
150 51
150 52
150 55
150 56
150 57
150 58
150 59
150 60
150 63
150 64
150 65
150 71
150 73
150 74
150 75
150 76
150 77
150 81
150 82
150 84
150 87
150 89
150 91
150 94
150 95
150 96
150 97
150 98
150 99
150 100
150 101
150 102
150 103
150 104
150 107
150 109
150 113
150 115
150 116
150 117
150 118
150 119
150 124
150 126
150 127
150 128
150 129
150 130
150 131
150 133
150 134
150 135
150 136
150 138
150 140
150 141
150 144
150 145
150 147
150 148
150 149
150 151
150 152
150 153
151 78
151 139
151 150
152 28
152 38
152 86
152 106
152 114
152 150
153 146
153 150
