1 100
2 9
5 11
6 11
7 11
7 42
7 55
7 65
7 105
7 109
7 141
7 161
8 11
8 100
8 174
9 11
9 28
9 38
9 39
9 44
9 59
9 60
9 79
9 81
9 155
11 1
11 3
11 5
11 6
11 7
11 8
11 9
11 12
11 13
11 17
11 24
11 25
11 26
11 32
11 35
11 36
11 37
11 44
11 45
11 50
11 51
11 54
11 56
11 57
11 59
11 62
11 64
11 66
11 73
11 74
11 75
11 76
11 77
11 78
11 79
11 80
11 81
11 82
11 84
11 86
11 92
11 95
11 96
11 98
11 100
11 101
11 103
11 104
11 105
11 115
11 117
11 118
11 121
11 122
11 124
11 125
11 138
11 139
11 149
11 168
12 11
12 25
12 128
12 131
13 11
13 100
16 100
17 75
17 142
19 11
19 103
20 23
20 50
20 98
21 80
23 10
23 12
24 77
25 11
26 11
26 18
26 146
26 148
26 171
26 172
27 12
27 92
28 9
30 113
31 79
32 11
32 12
35 115
36 100
36 152
39 100
40 100
41 10
42 80
42 138
44 11
45 11
46 11
46 115
47 26
48 115
50 11
50 29
50 49
50 91
50 152
50 166
50 168
51 11
52 20
53 115
54 9
55 115
56 11
57 11
58 9
58 11
58 14
59 11
61 100
61 115
62 7
63 12
63 80
63 115
64 11
64 100
67 80
67 115
68 80
68 115
69 101
69 122
70 79
70 115
71 92
72 20
72 100
73 11
74 11
75 11
76 11
76 12
77 11
77 132
78 11
79 67
79 88
79 100
80 11
80 29
80 31
80 34
80 41
80 55
80 83
80 110
80 124
80 134
80 137
80 147
81 11
81 147
82 11
82 12
83 11
83 80
84 100
84 115
85 80
85 138
86 100
87 11
87 100
88 115
89 11
89 115
90 12
90 69
90 100
90 115
91 115
92 11
93 115
94 75
94 100
95 11
96 11
98 11
98 28
98 65
98 140
99 7
100 4
100 6
100 11
100 12
100 37
100 50
100 51
100 56
100 75
100 77
100 78
100 103
100 113
100 118
100 122
100 124
100 125
100 132
100 163
100 171
101 11
101 148
102 7
102 80
103 11
103 100
104 10
105 11
106 122
107 115
108 100
109 115
110 12
110 26
110 50
111 115
112 50
113 11
113 122
114 92
115 15
115 22
115 47
115 49
115 53
115 70
115 89
115 97
115 100
115 108
115 109
115 111
115 120
115 127
115 130
115 134
116 9
117 11
118 22
118 100
118 128
118 145
119 11
120 115
121 11
122 11
122 28
122 52
122 72
122 119
122 123
122 124
123 138
125 11
125 115
126 100
126 115
127 79
127 100
128 80
128 115
129 11
130 101
131 100
132 100
133 12
134 11
135 11
135 12
135 115
136 7
136 9
138 4
138 11
138 94
138 115
139 11
139 115
141 101
142 122
143 100
146 50
148 100
149 9
149 12
149 138
150 80
150 115
151 80
152 115
153 30
153 122
154 11
154 122
156 26
156 98
157 115
159 10
160 44
160 72
161 7
161 118
162 98
163 11
164 9
164 115
165 80
167 8
167 76
169 80
170 9
172 9
172 80
173 77
173 115
174 12
