2 59
3 8
3 41
4 8
4 59
5 8
5 96
6 8
6 41
7 8
8 1
8 5
8 6
8 7
8 10
8 11
8 13
8 15
8 18
8 24
8 26
8 27
8 28
8 29
8 32
8 35
8 39
8 40
8 41
8 42
8 43
8 48
8 49
8 51
8 52
8 53
8 55
8 57
8 58
8 59
8 60
8 63
8 67
8 71
8 74
8 76
8 78
8 82
8 83
8 87
8 88
8 89
8 91
8 93
8 102
8 104
8 108
8 110
8 114
8 117
8 120
9 8
10 8
10 16
10 24
10 29
10 31
10 35
10 46
10 51
10 70
10 80
10 98
10 102
10 106
10 109
10 111
10 119
10 121
11 8
12 29
13 10
13 30
13 41
13 47
13 60
13 62
13 68
13 87
13 94
13 102
13 103
13 104
13 108
15 8
15 41
15 100
16 10
16 41
17 13
17 90
17 101
17 107
17 119
18 8
18 37
19 53
20 8
20 106
21 13
22 41
23 41
24 8
25 30
25 41
26 31
27 8
29 8
29 10
29 14
29 16
29 32
29 47
29 70
29 84
29 93
29 98
29 105
29 109
29 113
29 119
30 1
30 2
30 8
30 21
30 23
30 33
30 36
30 56
30 62
30 68
30 71
30 73
30 86
30 91
30 93
30 108
30 118
31 10
32 3
32 8
32 34
32 65
33 30
34 8
35 10
35 94
36 41
39 8
39 13
39 37
40 8
41 1
41 6
41 7
41 8
41 15
41 19
41 20
41 22
41 33
41 38
41 44
41 45
41 49
41 54
41 57
41 61
41 71
41 79
41 82
41 85
41 91
41 97
41 108
41 114
42 8
43 8
44 27
44 41
45 8
45 100
46 13
46 29
46 41
47 10
47 29
48 8
48 29
49 13
49 58
50 10
50 13
51 8
52 8
53 8
54 30
55 8
55 41
56 30
56 41
57 8
57 41
58 3
58 5
58 6
58 8
58 38
58 63
58 68
59 8
59 66
60 13
61 41
63 41
64 8
64 29
64 41
65 27
65 98
66 58
67 8
67 41
68 29
69 8
69 41
71 8
71 41
72 10
74 10
75 30
75 41
76 8
77 8
77 10
77 115
78 8
79 41
80 8
80 10
81 98
82 8
82 29
83 8
83 41
84 13
84 30
84 41
85 41
86 8
86 41
86 58
88 8
89 41
90 13
90 17
90 58
92 8
92 58
93 8
95 41
95 53
95 55
96 30
96 51
97 8
97 13
97 41
97 58
98 10
98 29
98 121
99 11
103 8
104 8
104 117
105 31
105 98
106 37
106 98
108 41
109 29
110 8
111 10
112 8
112 41
113 13
113 58
114 8
115 8
116 8
117 8
117 29
117 116
119 30
