1 8
1 51
1 65
2 51
3 10
3 19
3 38
3 111
4 8
5 8
5 51
6 51
7 60
7 69
7 79
8 1
8 2
8 4
8 5
8 7
8 10
8 11
8 18
8 19
8 20
8 24
8 25
8 26
8 27
8 29
8 30
8 32
8 36
8 37
8 43
8 45
8 50
8 52
8 59
8 74
8 76
8 77
8 79
8 83
8 96
8 101
8 119
8 125
9 10
9 11
9 44
9 112
10 3
10 8
10 11
10 12
10 23
10 28
10 30
10 31
10 42
10 44
10 50
10 51
10 65
10 95
10 98
10 99
10 107
10 115
10 116
10 130
10 133
11 18
11 19
11 39
11 46
11 59
11 63
11 89
11 99
11 104
11 110
12 8
12 10
13 10
14 28
15 31
16 51
19 11
20 8
20 30
21 13
22 10
22 44
23 10
24 10
25 65
26 51
27 8
28 10
28 60
28 65
28 67
28 128
29 10
29 78
30 6
30 10
30 34
30 44
30 64
30 67
30 89
30 90
30 112
30 120
31 10
31 15
31 28
31 32
31 35
31 58
33 8
34 8
34 65
35 10
36 51
37 8
37 51
38 28
39 8
39 31
39 51
41 11
41 28
41 51
42 10
42 44
42 68
44 10
44 35
44 51
44 62
44 64
44 66
44 86
44 90
44 92
44 106
44 116
44 119
44 124
44 126
45 8
46 7
47 44
47 51
48 7
49 79
50 10
51 4
51 10
51 12
51 16
51 28
51 39
51 54
51 56
51 61
51 73
51 78
51 84
51 88
51 90
51 91
51 96
51 105
51 107
51 117
51 123
51 125
51 126
51 127
52 8
53 44
54 8
54 51
55 10
57 10
57 30
60 42
61 28
61 51
63 85
64 51
65 8
65 103
65 104
65 121
66 10
66 51
66 75
66 110
68 8
69 8
69 11
69 51
70 65
71 65
72 51
74 87
76 28
76 57
77 8
78 67
79 51
80 8
80 44
81 7
81 10
82 7
82 8
82 66
83 7
83 8
84 65
85 10
85 27
85 109
86 85
87 8
87 44
88 51
90 44
92 44
93 10
93 44
93 65
94 130
96 10
96 51
97 10
97 56
98 10
98 100
101 8
102 65
103 28
103 100
104 8
105 65
106 30
107 10
108 51
109 51
110 3
111 51
112 3
114 8
114 51
115 10
116 51
117 51
118 10
120 44
120 118
121 44
123 51
126 44
127 28
127 51
128 8
129 8
130 113
130 124
131 8
131 30
131 51
132 11
132 51
133 31
