1 41
2 29
2 119
3 41
4 9
4 41
5 9
5 35
5 38
5 54
5 88
5 117
5 130
6 41
6 98
7 9
7 38
7 131
9 3
9 6
9 7
9 10
9 11
9 15
9 21
9 22
9 23
9 25
9 26
9 28
9 29
9 32
9 33
9 41
9 42
9 43
9 45
9 53
9 55
9 56
9 59
9 63
9 65
9 66
9 67
9 72
9 75
9 81
9 82
9 83
9 86
9 88
9 89
9 92
9 94
9 99
9 116
9 128
10 5
10 9
10 30
10 41
10 73
10 87
10 96
10 108
10 111
10 114
11 9
11 27
11 30
11 41
11 76
11 80
11 106
11 112
11 122
11 123
11 126
12 41
13 41
14 5
14 11
15 131
16 41
17 5
17 11
17 41
18 5
18 11
19 8
19 41
20 41
20 119
21 41
22 41
23 10
24 11
24 41
25 9
26 9
26 41
27 29
28 9
28 90
28 97
29 11
29 41
29 46
31 9
31 10
32 41
32 101
33 11
33 41
33 101
34 41
35 41
36 41
37 7
38 5
38 7
39 41
40 41
41 1
41 2
41 3
41 4
41 6
41 8
41 9
41 10
41 11
41 13
41 16
41 18
41 20
41 22
41 28
41 29
41 32
41 34
41 37
41 39
41 40
41 44
41 45
41 47
41 50
41 51
41 52
41 55
41 56
41 62
41 65
41 66
41 67
41 71
41 73
41 74
41 78
41 80
41 83
41 84
41 85
41 86
41 88
41 95
41 100
41 106
41 107
41 108
41 112
41 114
41 120
41 122
41 125
41 128
41 129
42 9
43 9
45 41
46 29
46 44
47 41
48 5
49 10
49 66
50 41
51 11
51 118
51 119
53 9
56 41
57 5
58 5
58 41
61 41
62 41
64 9
65 41
67 9
67 11
69 68
70 41
71 5
74 41
75 9
76 10
76 41
77 9
78 41
79 9
79 41
80 41
81 41
82 9
83 41
84 9
84 11
85 41
87 5
87 29
88 5
88 41
88 106
89 9
89 41
89 106
90 9
91 41
92 9
93 41
94 9
95 9
95 41
96 51
97 28
98 5
99 41
100 9
101 60
101 109
103 9
106 41
106 102
107 9
107 41
108 41
109 99
110 99
111 123
112 41
113 11
114 41
115 99
117 5
117 9
117 28
118 29
121 41
123 11
123 106
124 41
125 41
126 11
126 41
127 41
128 9
130 41
131 83
