1 88
2 69
4 68
5 31
5 88
5 127
5 140
6 68
7 14
8 68
9 68
9 69
9 83
10 5
10 7
10 20
10 21
10 45
10 47
10 57
10 62
10 67
10 68
10 73
10 78
10 88
10 94
10 97
10 111
10 112
10 121
10 140
11 83
12 5
13 69
15 110
15 129
16 69
17 10
17 69
18 88
19 10
19 129
20 88
21 10
23 10
23 68
24 68
24 88
25 69
26 88
28 68
28 88
29 69
30 68
30 69
31 107
33 65
34 68
35 68
35 88
35 145
37 88
39 68
41 69
41 88
42 88
44 69
45 88
46 68
46 69
47 88
48 66
49 88
50 68
52 83
52 88
54 88
55 10
55 68
55 110
56 69
56 83
57 69
58 7
58 69
59 69
59 85
62 10
62 88
63 68
63 88
65 57
65 68
65 88
66 68
66 110
67 68
68 7
68 8
68 9
68 10
68 18
68 27
68 28
68 34
68 38
68 39
68 45
68 47
68 61
68 62
68 63
68 65
68 69
68 70
68 71
68 82
68 83
68 84
68 85
68 88
68 103
68 109
68 120
68 126
68 128
68 131
68 141
68 143
68 149
69 2
69 6
69 12
69 13
69 17
69 20
69 22
69 23
69 30
69 41
69 44
69 46
69 50
69 51
69 54
69 55
69 57
69 59
69 67
69 68
69 71
69 74
69 78
69 80
69 88
69 91
69 92
69 93
69 96
69 97
69 101
69 102
69 117
69 118
69 122
69 144
69 148
70 68
70 88
71 10
71 88
72 88
73 88
74 69
76 68
76 88
77 10
77 68
77 83
77 88
78 88
79 83
80 69
81 69
82 68
83 4
83 18
83 31
83 36
83 38
83 43
83 46
83 53
83 61
83 68
83 75
83 86
83 88
83 132
83 145
84 68
84 83
85 15
85 44
85 55
85 68
85 88
85 99
85 112
85 120
86 42
86 68
86 88
87 110
88 7
88 9
88 10
88 11
88 16
88 17
88 18
88 27
88 39
88 40
88 42
88 43
88 45
88 47
88 49
88 51
88 52
88 57
88 61
88 62
88 63
88 64
88 68
88 69
88 76
88 82
88 83
88 85
88 91
88 104
88 114
88 119
88 128
88 129
88 132
88 134
88 145
88 146
89 68
89 88
90 68
90 88
92 69
93 68
93 88
96 69
97 10
97 69
98 69
98 90
98 107
99 69
100 10
100 83
101 61
101 69
102 69
103 68
104 10
104 83
105 8
106 68
107 37
107 83
107 88
107 115
107 124
107 146
108 68
108 88
109 58
109 98
110 6
110 21
110 68
110 79
110 83
110 88
110 108
110 113
110 135
111 69
114 68
115 68
115 88
116 68
117 69
118 69
119 8
119 69
121 10
121 83
123 69
124 69
125 69
125 129
126 8
126 61
126 65
128 88
128 107
129 81
129 83
129 88
129 133
129 138
129 142
130 107
131 107
132 68
133 69
134 88
135 85
137 110
138 69
138 88
139 69
139 107
140 10
140 83
141 68
142 129
144 69
146 8
146 10
146 68
147 68
149 7
