1 3
2 5
3 5
3 9
3 10
3 16
3 18
3 19
3 24
3 25
3 26
3 28
3 29
3 30
3 31
3 33
3 39
3 40
3 42
3 43
3 44
3 47
3 48
3 50
3 51
3 54
3 58
3 59
3 60
3 61
3 62
3 65
3 68
3 69
3 70
3 71
3 72
3 73
3 75
3 76
3 77
3 79
3 81
3 84
3 85
3 87
3 88
3 89
3 90
3 91
3 92
3 93
3 96
3 97
3 98
3 99
3 100
3 101
3 103
3 104
3 105
3 106
3 107
3 108
3 109
3 114
3 117
3 118
3 119
3 121
3 124
3 127
3 128
3 132
3 134
3 135
3 136
3 137
3 138
3 139
3 145
4 5
5 1
5 3
5 4
5 7
5 8
5 23
5 27
5 30
5 32
5 42
5 46
5 64
5 66
5 67
5 82
5 116
5 136
6 3
6 42
7 5
8 5
8 15
8 36
8 55
8 56
8 93
8 110
8 111
8 122
8 132
8 133
8 137
8 145
8 146
9 3
10 3
11 64
12 42
13 6
14 3
14 18
15 3
16 8
16 42
18 14
18 56
18 129
18 130
18 140
18 141
18 142
19 3
20 3
23 4
24 5
27 5
28 3
28 34
28 42
29 3
30 42
31 3
32 5
33 3
34 3
35 38
37 3
37 18
38 42
38 50
38 52
39 3
41 3
42 1
42 3
42 5
42 6
42 18
42 19
42 23
42 29
42 30
42 31
42 40
42 44
42 47
42 57
42 59
42 67
42 78
42 79
42 80
42 82
42 86
42 92
42 101
42 117
42 134
43 3
43 42
45 3
45 4
45 42
46 5
46 42
47 3
48 3
49 3
49 42
49 124
50 3
50 42
51 3
53 3
54 3
55 18
56 3
57 3
58 3
59 3
60 2
60 3
61 3
63 3
63 42
64 5
65 5
65 74
66 5
67 3
67 42
68 3
69 3
70 3
70 42
71 3
72 3
73 3
74 3
74 42
75 3
76 3
76 78
77 3
77 116
78 5
79 3
80 5
81 3
81 95
82 5
82 42
84 3
85 42
86 3
87 3
87 42
88 3
89 3
90 3
91 3
92 42
93 42
95 42
96 3
97 93
98 78
99 3
100 3
100 42
101 3
103 3
104 3
105 3
106 3
106 42
107 3
108 3
109 3
110 8
111 18
112 3
114 3
115 3
116 5
116 42
117 3
118 3
119 3
121 3
122 43
123 8
123 18
124 3
125 3
126 3
126 8
128 3
129 18
130 3
131 18
132 3
132 8
135 3
135 18
137 3
140 3
141 42
143 116
144 28
145 3
146 3
