1 10
2 25
3 10
3 25
4 10
4 131
5 10
6 10
6 17
6 71
6 88
6 93
6 115
7 5
7 10
7 20
7 62
7 74
7 111
8 10
9 10
10 1
10 3
10 4
10 5
10 6
10 7
10 8
10 9
10 11
10 12
10 14
10 15
10 18
10 19
10 20
10 21
10 22
10 23
10 24
10 25
10 26
10 27
10 28
10 29
10 30
10 32
10 33
10 35
10 36
10 37
10 38
10 39
10 40
10 41
10 42
10 44
10 45
10 46
10 47
10 48
10 49
10 50
10 51
10 52
10 54
10 55
10 56
10 57
10 58
10 59
10 60
10 61
10 63
10 64
10 65
10 66
10 67
10 68
10 69
10 70
10 71
10 72
10 73
10 74
10 75
10 76
10 77
10 78
10 79
10 80
10 82
10 83
10 84
10 85
10 86
10 87
10 89
10 90
10 91
10 92
10 93
10 96
10 97
10 99
10 101
10 104
10 105
10 106
10 107
10 108
10 109
10 110
10 112
10 113
10 114
10 116
10 117
10 119
10 120
10 121
10 122
10 124
10 125
10 126
10 128
10 129
10 130
10 131
11 10
12 10
13 10
14 10
15 10
16 66
17 25
18 10
19 10
20 10
21 10
22 10
22 17
22 72
22 94
23 10
23 133
24 10
25 2
25 10
25 30
25 31
25 41
25 43
25 51
25 53
25 54
25 58
25 61
25 71
25 82
25 83
25 85
25 93
25 94
25 95
25 99
25 100
25 101
25 104
25 107
25 108
25 110
25 119
25 125
25 127
25 130
26 10
27 10
27 102
28 10
29 10
30 10
31 10
31 25
32 10
33 10
35 10
36 10
37 10
38 10
39 10
40 10
42 10
42 25
43 7
43 10
43 25
44 10
45 10
46 10
47 10
48 10
48 11
49 10
50 10
50 25
51 25
52 10
54 25
54 46
55 10
55 102
56 10
56 25
57 10
58 10
59 10
60 10
61 25
62 7
62 10
62 25
63 10
64 10
65 10
65 25
65 118
66 10
67 10
68 10
69 10
70 10
71 10
72 22
73 10
73 25
74 10
74 25
75 10
76 10
77 10
78 10
78 81
79 10
79 25
80 10
80 25
81 10
82 10
83 10
84 10
84 97
85 10
86 10
87 10
89 10
90 10
90 25
90 38
91 25
92 10
94 32
95 6
96 10
97 10
98 8
99 25
100 46
103 32
104 10
105 10
106 10
107 10
108 25
109 10
109 97
110 10
111 10
111 97
112 10
113 10
113 123
114 10
114 97
115 25
116 10
117 10
117 25
118 8
118 29
119 25
120 10
121 10
122 10
124 10
126 25
127 10
128 10
129 10
130 10
132 29
133 8
