1 76
1 120
1 137
2 22
2 120
3 16
3 17
3 18
3 25
3 36
3 56
3 57
3 59
3 62
3 81
3 88
3 95
3 97
3 120
3 123
3 126
3 128
3 143
3 145
4 8
4 27
4 29
4 33
4 45
4 79
4 120
5 96
5 118
5 120
6 120
7 4
8 4
9 120
10 120
11 3
11 120
15 4
15 68
16 120
17 3
17 120
18 120
19 120
20 4
20 120
21 120
22 4
23 22
23 120
24 120
25 4
28 4
29 4
30 120
31 120
32 120
33 120
34 120
35 120
36 120
37 3
37 120
38 3
38 120
39 120
40 120
41 14
41 58
41 60
41 97
41 98
41 111
41 112
41 118
41 120
41 126
41 145
41 152
42 120
43 120
44 120
46 120
47 4
47 120
48 120
50 120
51 120
52 120
53 120
54 120
55 13
55 120
55 146
57 3
58 3
58 120
59 3
60 3
60 120
62 3
62 120
63 120
63 127
64 120
65 120
66 120
67 120
69 120
70 120
71 12
71 61
71 120
71 130
71 133
71 138
71 142
71 145
72 120
73 120
74 120
75 120
76 3
76 120
77 4
77 120
78 120
79 4
80 120
81 3
82 120
83 3
83 120
84 120
86 120
87 47
87 49
87 120
88 120
89 28
89 68
89 120
89 150
90 120
91 120
92 120
93 120
94 120
95 120
96 3
96 5
97 3
97 71
97 120
98 3
98 120
99 3
99 120
100 120
101 3
101 120
102 120
103 120
103 151
104 3
104 120
105 120
106 120
107 3
107 120
108 3
108 120
109 120
110 41
110 120
112 3
112 120
113 3
113 120
114 3
115 120
116 3
116 120
117 1
117 2
117 41
119 28
119 120
120 1
120 2
120 3
120 4
120 5
120 6
120 7
120 9
120 10
120 11
120 15
120 17
120 19
120 20
120 21
120 24
120 27
120 28
120 30
120 31
120 32
120 33
120 34
120 35
120 36
120 37
120 38
120 39
120 40
120 41
120 42
120 43
120 44
120 45
120 46
120 47
120 48
120 50
120 51
120 52
120 53
120 54
120 55
120 61
120 62
120 63
120 64
120 65
120 66
120 69
120 70
120 71
120 72
120 73
120 74
120 75
120 78
120 80
120 81
120 82
120 83
120 84
120 85
120 86
120 88
120 89
120 90
120 91
120 92
120 93
120 94
120 95
120 98
120 99
120 100
120 101
120 102
120 103
120 104
120 105
120 106
120 107
120 108
120 109
120 110
120 111
120 113
120 118
120 121
120 123
120 124
120 129
120 130
120 135
120 136
120 137
120 141
120 143
120 144
120 147
120 149
120 152
120 153
120 154
121 120
122 3
122 120
123 3
124 120
125 120
127 71
128 3
129 120
130 3
130 120
132 3
133 3
133 105
134 120
135 120
136 120
137 120
138 3
139 120
140 1
140 120
141 3
141 120
142 3
143 71
143 120
144 120
147 3
147 120
148 5
149 120
150 6
150 28
151 41
152 3
153 120
154 28
154 120
155 3
