1 67
2 68
3 109
4 104
5 109
6 90
8 102
9 113
11 90
11 117
12 117
13 117
14 109
15 89
16 109
20 89
20 91
21 94
23 104
24 68
24 109
27 117
28 18
28 68
32 68
33 38
33 109
35 39
35 91
36 32
38 23
38 87
39 68
40 128
41 104
42 68
44 90
44 104
45 68
46 68
46 89
48 109
49 102
49 109
51 109
51 117
53 68
55 68
58 113
59 36
59 68
59 113
60 68
60 82
60 109
62 68
62 89
62 117
63 113
63 117
63 128
64 102
65 68
66 94
66 104
68 7
68 8
68 10
68 17
68 24
68 32
68 39
68 41
68 45
68 53
68 56
68 61
68 70
68 76
68 78
68 83
68 84
68 88
68 90
68 94
68 95
68 100
68 102
68 103
68 104
68 107
68 109
68 112
68 113
68 115
68 116
68 124
68 126
68 128
68 131
69 113
70 57
70 113
70 122
71 117
72 68
72 113
73 19
73 33
73 47
73 74
74 19
74 30
74 113
75 68
77 68
77 70
78 104
79 82
80 82
81 68
81 113
83 68
85 68
85 113
86 89
88 113
89 2
89 5
89 26
89 30
89 31
89 43
89 54
89 78
89 84
89 93
89 109
89 129
90 3
90 14
90 16
90 40
90 41
90 68
90 86
91 69
91 113
92 68
93 68
93 117
94 68
95 68
96 68
96 117
97 68
97 128
98 68
98 117
99 68
99 113
100 95
102 61
102 64
104 22
104 68
104 90
104 130
105 23
105 73
105 91
105 113
106 89
107 68
109 4
109 13
109 18
109 22
109 28
109 40
109 48
109 52
109 66
109 68
109 98
109 101
109 108
109 110
109 111
110 73
110 117
112 95
112 100
112 113
113 1
113 9
113 10
113 28
113 32
113 34
113 38
113 39
113 58
113 68
113 70
113 74
113 88
113 90
113 91
113 102
113 105
113 114
113 117
113 119
113 121
113 123
113 126
113 127
113 128
114 113
115 68
117 14
117 27
117 29
117 44
117 51
117 57
117 68
117 73
117 116
118 90
119 91
119 113
120 68
121 117
122 113
123 9
123 68
124 68
124 105
125 50
125 89
125 117
127 113
127 114
128 13
128 38
128 52
128 68
128 75
128 89
128 97
128 122
129 117
130 74
131 68
131 117
