1 31
1 49
2 49
3 49
5 74
6 49
7 34
8 61
9 49
10 49
11 49
12 2
15 89
17 49
18 87
19 49
20 2
20 36
20 49
21 48
22 25
23 49
24 49
24 75
25 49
25 67
26 49
27 89
29 61
30 49
32 49
33 35
34 27
34 49
34 88
35 23
35 40
35 48
35 88
36 30
36 49
37 49
38 49
38 88
39 49
40 35
40 49
41 69
42 49
44 49
45 49
46 49
47 49
48 21
48 31
48 46
48 49
48 56
48 64
48 84
48 88
48 90
49 2
49 6
49 11
49 13
49 14
49 15
49 17
49 19
49 25
49 26
49 29
49 30
49 33
49 34
49 35
49 36
49 37
49 38
49 42
49 43
49 44
49 45
49 50
49 51
49 52
49 53
49 54
49 57
49 60
49 65
49 69
49 74
49 77
49 78
49 79
49 80
49 86
49 88
49 90
49 97
50 49
51 49
52 49
53 49
55 61
55 62
55 66
56 88
57 87
58 69
59 85
59 88
60 49
61 8
61 10
61 19
61 28
61 39
61 49
61 66
62 49
62 58
62 88
63 49
64 88
65 49
67 36
67 69
68 67
68 88
68 89
69 49
69 58
70 49
70 88
71 89
72 61
73 88
73 89
74 49
75 71
75 88
76 49
76 88
77 49
78 4
79 82
79 83
79 88
80 61
81 61
82 89
83 61
83 88
84 49
85 61
85 89
86 22
86 24
86 49
86 54
86 61
87 88
88 1
88 23
88 48
88 49
88 50
88 56
88 59
88 61
88 62
88 63
88 64
88 66
88 72
88 75
88 76
88 79
88 87
88 89
88 92
88 94
88 96
89 21
89 22
89 24
89 49
89 61
89 63
89 70
89 73
89 85
89 88
89 91
91 49
92 49
92 61
93 49
94 76
94 88
95 22
95 49
95 67
96 49
96 68
97 49
