1 8
1 11
1 60
2 27
2 41
3 13
3 14
7 20
11 23
11 26
11 39
12 62
13 61
14 3
14 11
14 65
16 20
18 62
19 27
20 17
20 61
21 27
21 53
22 27
23 46
23 61
24 62
27 18
27 20
27 28
27 36
27 37
27 39
27 44
27 54
27 60
27 62
27 65
27 66
28 11
28 15
28 33
28 40
28 60
28 61
28 63
29 19
30 62
32 21
32 60
34 27
35 25
37 6
38 61
39 64
40 62
41 60
42 19
43 11
44 62
45 19
45 61
46 7
46 11
46 16
46 32
46 43
47 28
47 62
49 62
49 64
50 48
50 49
50 63
51 63
52 48
52 61
54 60
55 11
55 62
56 60
57 11
57 26
57 27
57 62
59 8
59 19
60 1
60 5
60 20
60 23
60 31
60 43
60 46
60 57
60 59
60 61
61 2
61 24
61 27
61 38
61 42
61 45
61 51
61 62
61 63
61 64
62 18
62 21
62 22
62 24
62 25
62 30
62 33
62 37
62 48
62 55
62 60
62 61
62 64
62 67
63 36
63 40
63 48
63 50
63 61
64 27
64 35
64 40
64 61
64 63
65 62
66 11
66 16
67 3
67 27
