1 4
2 1
2 3
2 4
2 7
2 8
2 14
2 21
2 24
2 30
2 41
2 64
2 78
2 85
2 87
2 94
2 96
2 97
2 100
2 140
2 141
2 152
2 165
2 169
3 2
4 1
4 2
4 5
4 7
4 8
4 9
4 10
4 11
4 12
4 13
4 15
4 16
4 17
4 19
4 20
4 21
4 22
4 23
4 24
4 25
4 26
4 27
4 28
4 29
4 30
4 31
4 33
4 34
4 35
4 36
4 37
4 38
4 39
4 40
4 41
4 42
4 43
4 44
4 45
4 46
4 47
4 48
4 49
4 50
4 51
4 52
4 53
4 54
4 56
4 57
4 59
4 60
4 61
4 62
4 63
4 64
4 65
4 66
4 68
4 69
4 71
4 72
4 73
4 74
4 75
4 76
4 77
4 80
4 81
4 82
4 83
4 84
4 85
4 86
4 88
4 89
4 90
4 92
4 94
4 95
4 97
4 98
4 99
4 100
4 101
4 102
4 103
4 104
4 105
4 106
4 107
4 108
4 109
4 110
4 111
4 112
4 113
4 114
4 116
4 118
4 119
4 121
4 122
4 123
4 124
4 125
4 126
4 127
4 128
4 129
4 130
4 131
4 132
4 133
4 134
4 135
4 136
4 137
4 138
4 139
4 142
4 144
4 146
4 147
4 148
4 149
4 150
4 151
4 153
4 154
4 155
4 157
4 158
4 160
4 161
4 162
4 163
4 164
4 166
4 167
4 168
4 169
4 170
4 171
4 174
4 177
4 178
4 180
4 181
4 182
4 183
4 184
4 185
4 186
5 2
5 4
5 32
5 129
5 170
5 172
5 179
6 2
7 2
8 2
8 4
8 65
9 4
10 4
12 4
13 2
14 2
15 4
17 4
18 4
18 108
19 4
20 4
21 4
22 4
23 4
24 4
25 4
26 4
27 4
28 4
29 4
30 4
33 4
33 7
34 4
35 4
35 86
35 88
35 131
36 4
37 4
38 4
39 4
40 4
41 4
42 4
43 4
44 4
46 4
47 4
48 4
49 4
50 2
50 4
50 48
51 2
52 4
53 2
53 4
53 11
53 14
53 58
53 59
53 79
54 4
55 2
56 4
57 4
59 4
60 4
61 4
62 2
62 4
63 4
64 4
65 1
66 4
68 4
68 116
69 4
70 4
71 4
72 4
73 4
74 2
75 4
76 4
77 4
78 4
80 2
80 4
81 4
82 4
83 4
84 4
84 131
84 184
85 4
86 1
86 4
87 4
88 4
89 4
90 4
91 4
91 116
92 4
92 116
93 6
94 4
95 4
95 116
96 7
97 2
97 4
98 4
99 104
100 4
100 7
101 4
102 4
103 4
104 2
104 4
104 70
105 4
106 4
107 4
108 4
109 4
110 4
111 4
112 4
113 4
114 4
115 4
115 116
116 4
116 92
116 102
116 115
116 117
116 118
116 120
118 116
119 115
120 4
120 104
121 4
121 156
122 4
123 4
124 4
125 4
126 4
126 116
127 4
128 4
130 2
130 4
132 4
132 116
133 4
134 4
135 4
136 4
137 4
138 4
139 4
139 143
140 2
141 53
142 4
143 2
143 4
143 121
143 145
143 173
144 4
145 2
146 4
147 4
148 4
149 4
150 4
151 53
152 4
153 4
154 4
155 4
156 4
156 108
157 4
158 4
159 4
159 5
160 2
161 4
162 4
163 4
164 4
165 4
166 2
166 116
167 4
168 4
169 4
171 4
173 6
173 53
175 4
176 2
178 4
179 4
179 5
180 4
181 2
181 4
182 4
183 4
184 2
184 4
185 4
186 4
