1 11
2 11
3 9
4 11
5 11
6 11
6 105
7 11
7 109
8 11
9 7
9 11
9 57
9 82
9 92
9 93
9 98
10 11
11 1
11 2
11 3
11 4
11 5
11 6
11 7
11 8
11 9
11 10
11 12
11 13
11 14
11 15
11 16
11 17
11 20
11 21
11 22
11 23
11 24
11 25
11 26
11 27
11 28
11 29
11 30
11 31
11 33
11 35
11 37
11 39
11 40
11 41
11 42
11 43
11 45
11 46
11 48
11 49
11 50
11 51
11 53
11 54
11 55
11 56
11 57
11 58
11 61
11 62
11 63
11 64
11 65
11 66
11 67
11 68
11 69
11 70
11 71
11 72
11 74
11 75
11 76
11 77
11 78
11 80
11 81
11 82
11 83
11 84
11 85
11 86
11 88
11 89
11 90
11 94
11 95
11 96
11 97
11 98
11 100
11 101
11 102
11 103
11 104
11 107
11 109
11 110
11 111
11 113
11 115
11 117
11 118
11 119
11 120
11 121
11 122
11 123
11 124
11 125
11 126
11 127
11 129
11 130
11 131
11 132
11 134
11 135
11 136
12 11
13 11
13 18
13 115
14 11
15 11
16 11
18 13
20 11
21 11
22 11
22 116
23 11
24 11
25 11
26 11
26 36
27 11
27 59
27 60
28 11
29 11
29 32
29 36
29 92
30 11
31 11
32 11
33 11
34 11
35 11
35 27
36 11
36 26
37 11
38 11
39 11
40 11
41 11
42 3
42 11
42 34
42 67
42 112
43 11
44 11
44 26
45 11
46 11
47 44
48 11
49 11
50 11
50 115
50 128
50 133
51 11
51 105
52 9
52 13
53 11
54 11
55 11
56 11
57 11
58 11
61 11
61 27
62 11
63 11
64 11
65 11
67 24
68 11
69 11
70 11
70 13
71 11
72 11
73 11
74 11
75 11
76 11
77 11
78 11
79 29
80 11
81 11
82 11
82 116
83 11
84 11
85 11
85 89
86 11
87 11
88 42
89 11
89 65
90 11
91 11
91 27
93 11
94 11
95 11
96 11
97 11
98 11
100 11
101 11
102 11
103 11
103 116
104 11
107 11
108 11
109 4
110 11
111 11
112 27
112 50
113 11
114 50
115 26
115 50
116 9
117 11
118 11
119 11
120 11
120 132
121 11
122 11
122 108
123 11
124 11
125 11
125 123
127 11
128 41
128 50
129 11
131 11
132 11
133 11
134 11
135 11
136 11
137 4
137 42
