1 3
1 9
1 91
2 9
2 86
2 151
3 5
3 12
3 16
3 18
3 25
3 26
3 39
3 46
3 48
3 61
3 70
3 75
3 79
3 98
3 108
3 155
4 5
4 9
5 1
5 8
5 9
5 29
5 31
5 33
5 34
5 46
5 47
5 53
5 55
5 56
5 82
5 83
5 84
5 94
5 96
5 106
5 110
5 115
5 119
5 122
5 126
5 140
5 145
5 147
5 158
5 159
6 9
6 86
6 149
7 9
8 9
9 2
9 3
9 4
9 5
9 6
9 7
9 17
9 20
9 22
9 27
9 30
9 35
9 43
9 49
9 51
9 53
9 57
9 71
9 72
9 73
9 76
9 82
9 86
9 88
9 89
9 91
9 92
9 94
9 106
9 108
9 111
9 113
9 122
9 136
10 5
10 9
10 86
11 86
12 71
13 112
14 3
14 42
15 86
16 3
17 9
19 5
19 72
19 86
20 26
21 55
21 91
22 6
22 86
24 5
24 72
26 106
27 5
27 9
27 162
28 5
29 86
30 9
31 106
32 86
34 72
35 9
35 86
36 3
36 52
36 86
39 3
39 42
42 58
42 99
42 123
42 160
43 3
44 52
45 86
47 86
48 52
49 9
51 5
52 22
52 40
52 54
52 56
52 59
52 63
52 70
52 72
52 96
52 97
52 98
52 99
52 164
53 9
53 86
54 3
55 5
55 86
56 149
57 3
58 20
59 86
60 49
60 86
60 90
60 106
61 74
63 8
64 74
64 106
66 3
66 86
68 9
68 86
69 9
69 23
69 59
69 72
69 161
71 86
72 9
72 14
72 39
72 46
72 51
72 57
72 66
72 92
72 112
72 137
72 163
73 9
73 60
74 5
74 13
74 99
75 5
77 6
77 86
78 5
78 9
78 86
79 9
80 5
81 86
81 106
83 113
84 72
85 3
86 2
86 4
86 6
86 8
86 9
86 10
86 11
86 20
86 33
86 37
86 49
86 52
86 65
86 67
86 72
86 73
86 74
86 83
86 89
86 90
86 93
86 95
86 106
86 112
86 114
86 129
86 137
86 138
86 141
86 143
86 146
86 147
86 157
86 158
86 159
88 9
88 86
89 9
89 70
89 160
90 86
91 9
91 18
91 32
91 42
91 43
91 46
91 50
91 51
91 58
91 63
91 72
91 81
91 137
93 9
93 72
93 146
95 9
95 91
96 3
96 52
98 86
100 91
101 3
101 52
102 5
102 9
103 86
104 86
105 74
106 41
106 87
106 150
106 163
107 72
108 86
110 91
111 86
111 102
112 9
112 52
112 61
113 31
113 45
113 118
113 121
113 145
114 72
114 86
116 86
117 9
117 72
117 86
118 5
119 117
120 3
121 86
124 86
124 89
125 86
127 27
129 72
130 6
130 106
131 3
132 74
132 86
133 5
134 3
135 74
136 86
137 3
138 9
138 86
139 86
139 106
141 52
141 113
142 20
142 71
142 106
143 113
144 106
145 5
145 47
147 9
148 5
148 52
149 76
150 3
150 5
150 86
152 106
153 106
154 106
156 113
157 3
157 5
159 5
161 5
162 95
163 4
