1 7
2 7
2 28
3 7
3 112
4 7
5 64
5 121
5 124
6 64
7 1
7 2
7 3
7 4
7 6
7 10
7 13
7 15
7 16
7 21
7 22
7 26
7 27
7 28
7 31
7 36
7 37
7 38
7 39
7 41
7 42
7 43
7 45
7 47
7 48
7 49
7 50
7 51
7 52
7 56
7 62
7 63
7 65
7 66
7 67
7 71
7 75
7 83
7 84
7 90
7 92
7 94
7 95
7 96
7 99
7 100
7 108
7 114
7 118
7 120
7 122
7 143
7 148
8 7
8 9
9 4
9 5
9 6
9 10
9 11
9 13
9 16
9 17
9 19
9 20
9 22
9 23
9 31
9 37
9 46
9 47
9 53
9 57
9 61
9 66
9 69
9 77
9 80
9 82
9 85
9 86
9 87
9 89
9 91
9 94
9 97
9 101
9 102
9 103
9 112
9 122
9 124
9 125
9 132
9 136
9 137
9 138
9 145
10 7
10 9
10 11
10 12
10 14
10 28
10 29
10 31
10 33
10 38
10 39
10 40
10 44
10 51
10 58
10 65
10 67
10 78
10 79
10 86
10 109
10 114
10 115
10 119
10 126
10 134
10 138
10 139
10 144
10 147
10 149
11 10
12 10
12 24
12 34
12 38
12 48
12 54
12 69
12 76
12 91
12 93
12 102
12 107
12 113
12 115
12 116
12 118
12 120
12 128
12 129
12 130
12 135
12 137
12 144
12 145
12 146
12 149
13 7
14 10
14 28
15 7
16 9
17 10
17 12
18 7
19 7
20 7
21 7
22 7
23 7
24 9
24 10
25 7
25 9
25 10
26 10
26 33
26 110
27 7
27 41
28 10
28 48
28 104
28 105
29 9
29 68
29 119
30 7
30 9
30 10
31 140
32 7
32 10
32 12
33 12
34 7
34 9
35 7
36 7
37 7
37 9
37 12
38 10
40 7
40 9
41 67
42 7
43 7
44 10
44 59
44 82
44 145
45 7
45 10
46 9
48 7
49 7
50 9
51 7
52 7
54 9
55 12
55 74
56 9
57 10
58 35
59 7
60 7
60 9
62 7
65 10
67 7
67 10
69 7
69 9
70 9
71 7
72 9
73 7
73 9
74 10
75 9
75 12
76 12
76 44
77 7
77 9
78 7
78 12
79 10
80 7
81 10
82 7
82 9
83 7
84 7
84 10
85 7
85 10
87 7
88 9
89 7
90 7
91 7
91 9
93 9
94 9
95 146
96 146
97 10
98 10
99 7
100 9
101 10
103 7
103 10
104 106
105 28
106 9
107 9
108 7
109 10
110 3
111 3
111 85
111 91
112 12
113 9
114 7
115 10
115 12
116 9
117 65
118 9
120 7
120 10
121 146
122 10
123 10
124 5
125 10
126 10
127 7
127 9
128 12
130 9
130 10
131 106
132 10
133 7
133 9
135 10
136 10
137 10
139 130
140 26
141 7
143 7
146 9
146 10
146 125
146 142
147 10
147 12
148 7
148 10
