1 11
2 12
2 30
3 11
3 12
4 12
4 45
5 12
5 103
6 12
7 12
8 12
9 12
9 18
9 40
10 12
10 111
10 130
11 1
11 4
11 12
11 22
11 29
11 30
11 35
11 38
11 41
11 66
11 70
11 71
11 76
11 78
11 86
11 90
11 92
11 97
11 98
11 106
11 115
11 128
11 129
11 133
12 2
12 3
12 4
12 5
12 6
12 7
12 8
12 9
12 10
12 11
12 13
12 14
12 15
12 16
12 17
12 20
12 21
12 22
12 23
12 24
12 25
12 26
12 27
12 28
12 29
12 30
12 31
12 32
12 33
12 34
12 35
12 36
12 37
12 39
12 41
12 42
12 43
12 44
12 45
12 46
12 47
12 48
12 49
12 50
12 51
12 52
12 54
12 55
12 56
12 57
12 60
12 61
12 62
12 63
12 64
12 65
12 66
12 67
12 68
12 69
12 71
12 72
12 73
12 74
12 76
12 77
12 79
12 80
12 81
12 82
12 83
12 84
12 85
12 86
12 87
12 88
12 89
12 90
12 93
12 94
12 96
12 97
12 98
12 99
12 100
12 101
12 102
12 105
12 106
12 109
12 110
12 113
12 114
12 115
12 116
12 119
12 120
12 121
12 122
12 124
12 127
12 128
12 129
12 132
12 133
13 12
14 12
15 12
16 12
17 12
18 8
19 12
20 12
21 11
22 11
22 12
23 12
24 12
25 12
26 12
27 12
28 12
29 12
30 12
31 11
31 12
32 12
32 35
33 12
34 12
36 12
37 12
38 12
39 11
39 12
41 12
42 12
43 11
43 12
43 13
44 12
45 1
45 12
46 12
47 12
48 11
48 12
49 12
50 12
51 12
52 12
53 13
53 67
54 12
55 12
56 12
57 12
57 104
58 49
58 105
59 45
59 63
60 12
61 12
62 11
63 11
63 12
63 97
63 109
64 12
64 105
65 12
66 12
67 12
67 13
68 11
69 11
69 12
69 30
69 45
70 11
71 12
72 12
73 12
74 12
75 10
76 12
77 12
78 11
78 12
79 11
79 12
79 45
80 12
81 12
82 12
83 12
84 12
85 11
85 12
86 12
87 12
88 12
89 113
90 12
90 105
91 12
91 113
92 12
93 11
93 12
94 12
95 31
96 11
97 11
98 12
99 12
100 11
100 12
101 11
101 12
102 11
102 12
103 13
104 51
104 57
105 12
105 95
105 118
106 11
106 12
107 12
108 71
109 5
109 10
110 11
112 8
112 12
113 11
113 12
113 107
114 12
115 11
115 12
115 105
116 12
119 12
119 116
119 117
120 12
121 11
121 12
122 11
123 11
123 12
125 8
126 12
127 12
129 12
129 113
130 10
130 11
130 45
131 12
132 12
