1 8
1 16
1 50
2 16
2 72
3 33
5 3
5 8
5 87
5 92
6 8
7 16
7 33
8 4
8 5
8 7
8 11
8 12
8 13
8 15
8 16
8 20
8 21
8 27
8 30
8 32
8 33
8 49
8 51
8 52
8 55
8 57
8 59
8 71
8 72
8 73
8 82
8 85
8 86
8 92
8 96
8 99
8 103
8 104
8 115
8 126
8 127
8 129
8 130
8 135
8 138
9 8
9 16
10 34
10 35
13 8
13 16
13 48
13 72
14 8
14 34
15 8
16 3
16 7
16 8
16 12
16 25
16 29
16 31
16 33
16 34
16 35
16 36
16 40
16 41
16 49
16 52
16 56
16 57
16 58
16 61
16 63
16 64
16 65
16 71
16 82
16 89
16 90
16 91
16 94
16 97
16 99
16 104
16 105
16 107
16 109
16 110
16 113
16 114
16 120
16 123
16 126
16 135
16 136
16 140
16 141
17 8
17 34
18 8
18 16
20 16
21 33
21 72
22 9
22 32
23 16
24 5
24 16
25 16
26 16
26 50
27 13
28 16
28 34
29 13
29 16
30 8
30 16
32 16
32 40
32 45
32 69
33 8
33 15
33 55
33 78
33 93
33 98
33 105
33 115
33 130
34 6
34 8
34 42
34 74
34 83
34 120
34 132
34 134
35 8
35 16
35 38
35 40
35 53
35 67
35 70
35 118
36 8
37 16
39 16
40 86
41 16
41 56
41 109
42 16
42 109
42 136
43 5
43 32
43 35
43 124
43 127
44 8
44 93
44 99
46 9
46 73
47 8
48 16
50 8
50 37
50 59
50 67
50 75
50 80
50 84
50 90
50 95
50 97
50 105
50 127
50 137
51 16
52 32
53 13
53 35
55 13
56 8
56 16
57 16
57 43
60 8
60 16
62 33
63 16
63 34
64 16
64 33
65 16
66 8
66 16
67 73
68 5
68 96
72 13
72 16
72 33
72 53
72 54
72 58
72 79
72 98
72 119
72 124
73 16
73 81
73 84
75 16
76 16
77 16
77 72
78 73
80 5
80 30
81 8
81 41
82 8
82 72
83 13
83 16
84 5
84 72
85 8
85 16
85 72
86 35
87 13
87 50
88 16
88 33
88 86
90 16
90 33
90 72
91 13
91 50
92 13
92 16
92 94
94 8
94 33
94 45
94 98
95 16
96 33
99 8
99 16
100 8
100 16
100 33
100 72
101 138
102 16
103 8
103 16
105 13
105 16
106 16
108 107
109 8
109 16
111 8
111 110
112 110
113 16
114 13
114 16
114 72
115 8
115 16
117 50
118 50
119 8
119 34
121 34
121 48
122 51
123 8
123 134
123 136
124 8
124 13
125 16
126 72
127 8
128 8
129 8
129 16
129 42
130 8
130 72
132 50
133 50
135 8
136 16
136 43
137 8
137 13
138 33
138 125
140 16
